donly_DD	donly_DA	
70.204	42.091
90.273	53.096
85.341	31.1
78.41	5.1043
69.479	40.109
47.547	57.113
18.616	4.1174
31.684	-8.8782
43.753	-33.874
80.821	11.131
122.89	20.135
110.96	18.139
98.027	26.144
136.1	38.148
117.16	40.152
102.23	34.157
113.3	37.161
116.37	23.166
152.44	13.17
137.51	48.174
139.58	87.179
144.64	12.183
125.71	45.188
147.78	51.192
148.85	70.196
149.92	5.2007
167.99	-58.795
149.06	-53.791
100.12	-28.786
90.193	12.218
77.261	25.223
102.33	29.227
127.4	45.231
124.47	33.236
122.54	16.24
102.6	-61.755
78.673	-48.751
104.74	-15.747
135.81	13.258
64.878	20.262
68.947	31.266
90.174	73.099
128.24	26.104
129.31	-30.892
111.38	-43.888
102.45	-19.883
95.517	-24.879
81.586	-16.875
91.654	-18.87
114.72	-13.866
140.79	30.139
142.86	37.143
126.93	23.147
123	16.152
160.07	28.156
159.13	33.161
133.2	82.165
161.27	49.169
165.34	14.174
144.41	8.1781
157.48	39.182
185.55	63.187
192.61	-20.809
182.68	-57.804
188.75	6.2
145.82	27.204
121.89	-1.7912
118.96	-29.787
179.03	-18.782
141.09	-33.778
139.16	-35.774
127.23	-4.7693
127.3	28.235
134.37	81.239
130.44	33.244
114.51	3.2482
84.574	-26.747
83.643	8.257
92.711	13.261
99.78	27.266
79.848	22.27
110.92	21.275
44.144	36.107
79.213	1.1116
143.28	-29.884
138.35	-25.88
134.42	-56.875
139.49	-54.871
145.56	-5.8665
154.62	-6.8621
176.69	-11.858
182.76	3.1467
155.83	58.151
133.9	20.155
127.97	-5.8402
183.04	-0.83578
226.1	3.1686
235.17	87.173
223.24	73.177
210.31	38.182
175.38	40.186
208.45	35.191
233.52	18.195
224.58	7.1993
220.65	-16.796
233.72	-9.7919
177.79	7.2124
150.86	8.2168
91.927	12.221
165	0.22558
180.06	-31.77
180.13	-65.766
166.2	-42.761
149.27	-10.757
144.34	60.247
131.41	32.252
108.48	-35.744
92.544	22.261
86.613	63.265
86.681	76.269
85.75	64.274
98.818	33.278
137.89	-9.7174
32.115	51.115
30.183	63.12
133.25	75.124
142.32	36.128
155.39	-77.867
148.46	-20.863
142.53	-22.858
161.59	-19.854
173.66	-29.85
154.73	-42.845
139.8	30.159
138.87	6.1635
136.94	-16.832
224.01	-6.8277
234.07	9.1767
266.14	43.181
257.21	87.185
247.28	69.19
240.35	35.194
257.42	12.199
259.49	-9.797
247.55	75.207
236.62	167.21
287.69	-0.78389
270.76	-14.78
249.83	2.2249
142.9	14.229
160.97	-7.7664
186.03	-19.762
180.1	-31.758
172.17	-46.753
184.24	-44.749
195.31	5.2556
157.38	62.26
132.45	5.2643
133.51	44.269
77.583	77.273
111.65	112.28
146.72	79.282
84.789	43.286
120.86	-13.709
87.085	58.123
99.153	69.128
138.22	80.132
145.29	22.137
151.36	-43.859
151.43	-27.855
155.5	-16.85
162.56	-2.846
174.63	1.1584
142.7	-7.8372
117.77	0.16719
173.84	2.1716
233.91	5.176
236.98	11.18
207.04	80.185
266.11	66.189
280.18	54.193
275.25	48.198
271.32	29.202
296.39	24.207
319.46	22.211
312.52	46.215
306.59	63.22
298.66	4.2242
282.73	29.229
239.8	65.233
186.87	53.237
225.94	33.242
264	-2.7539
247.07	-35.75
202.14	8.2548
211.21	38.259
220.28	77.264
173.35	59.268
120.42	27.272
125.48	53.277
121.55	80.281
109.62	98.286
97.69	107.29
118.76	57.294
115.83	46.299
124.05	70.131
130.12	92.136
130.19	104.14
128.26	57.145
127.33	20.149
152.4	2.1533
174.47	17.158
198.53	-3.8379
168.6	-22.834
210.67	18.171
197.74	6.1752
204.81	19.18
214.88	26.184
247.95	38.188
279.01	93.193
285.08	86.197
276.15	70.202
307.22	64.206
339.29	23.21
372.36	23.215
407.43	2.2191
365.49	-23.777
326.56	16.228
324.63	45.232
327.7	88.237
318.77	91.241
316.84	73.245
293.91	104.25
306.97	48.254
303.04	9.2585
287.11	-41.737
245.18	14.267
206.25	54.272
190.32	45.276
169.39	49.28
149.45	59.285
145.52	74.289
114.59	93.294
83.66	126.3
114.73	74.302
122.8	34.307
130.02	26.139
130.09	46.144
124.16	58.148
120.23	61.153
152.3	56.157
179.37	47.161
205.44	-10.834
221.5	-11.83
206.57	-32.825
270.64	8.1789
287.71	43.183
295.78	12.188
289.85	-28.808
313.92	25.196
351.98	85.201
342.05	93.205
339.12	101.21
390.19	95.214
444.26	67.218
482.33	64.223
522.4	39.227
464.46	25.232
409.53	71.236
420.6	96.24
432.67	130.24
439.74	90.249
446.81	58.253
373.88	47.258
335.94	96.262
334.01	89.267
337.08	30.271
277.15	-6.7247
222.22	26.28
228.29	49.284
236.36	62.288
184.42	51.293
144.49	24.297
135.56	74.302
139.63	98.306
130.7	67.31
127.77	16.315
145.99	11.148
138.06	2.1519
145.13	-5.8437
155.2	20.161
212.27	22.165
234.34	25.169
243.41	-34.826
238.47	1.1782
273.54	15.183
297.61	0.18697
334.68	36.191
405.75	-1.8043
454.82	-23.8
468.89	25.205
456.95	71.209
484.02	74.213
512.09	63.218
557.16	93.222
603.23	130.23
631.3	116.23
659.37	122.24
629.43	133.24
600.5	132.24
599.57	109.25
599.64	114.25
575.71	71.257
552.78	30.261
484.85	-20.734
414.91	86.27
374.98	93.275
336.05	109.28
320.12	47.283
305.19	44.288
285.26	52.292
265.33	37.297
225.39	28.301
188.46	-7.6947
197.53	45.31
170.6	41.314
155.67	24.318
141.74	28.323
190.97	77.156
173.03	39.16
186.1	2.1643
216.17	5.1687
245.24	-15.827
273.31	-36.823
283.38	15.182
291.44	27.186
321.51	63.191
365.58	23.195
410.65	-17.801
469.72	21.204
533.79	109.21
655.86	81.213
669.92	57.217
692.99	55.221
715.06	-4.7743
764.13	71.23
814.2	154.23
822.27	127.24
830.34	130.24
820.4	121.25
811.47	114.25
805.54	97.256
799.61	80.261
754.68	52.265
710.75	25.27
624.82	43.274
542.88	58.278
462.95	29.283
388.02	0.28706
390.09	100.29
393.16	70.296
341.23	37.3
292.3	0.30459
290.36	5.309
286.43	12.313
271.5	25.318
132.57	5.3221
149.64	-12.673
166.71	34.331
227.94	89.164
242	73.168
253.07	57.172
281.14	45.177
295.21	46.181
247.28	11.186
339.35	-5.8101
363.42	22.194
392.48	57.199
499.55	16.203
550.62	-30.793
628.69	50.212
739.76	148.22
787.83	87.221
799.9	132.22
860.96	80.229
923.03	12.234
989.1	95.238
1059.2	185.24
1106.2	181.25
1154.3	48.251
1113.4	72.256
1073.4	96.26
1061.5	97.264
1049.6	102.27
984.65	76.273
922.72	51.278
787.79	88.282
664.85	111.29
618.92	56.291
573.99	4.2951
489.06	83.3
410.13	136.3
416.2	78.308
422.27	43.313
405.33	13.317
314.4	6.3214
259.47	-0.6742
180.54	-9.6698
170.61	1.3346
160.68	35.339
256.91	54.172
318.97	40.176
300.04	35.18
271.11	36.185
348.18	59.189
358.25	45.194
458.32	24.198
487.39	38.202
514.45	54.207
606.52	38.211
698.59	59.216
879.66	75.22
932.73	89.224
1050.8	104.23
1144.9	146.23
1219.9	133.24
1299	166.24
1370.1	162.25
1443.1	156.25
1509.2	154.25
1577.3	77.259
1587.3	158.26
1598.4	244.27
1469.5	210.27
1347.6	150.28
1301.6	165.28
1255.7	179.29
1087.8	174.29
933.83	143.29
877.89	112.3
823.96	82.303
662.03	97.308
556.1	124.31
523.17	60.316
490.24	13.321
453.3	-5.6749
306.37	-12.671
271.44	10.334
250.51	22.338
221.58	52.343
193.65	20.347
277.88	40.18
346.94	52.184
349.01	36.189
401.08	28.193
472.15	49.197
547.22	74.202
591.29	90.206
640.36	100.21
690.42	97.215
859.49	98.219
947.56	163.22
1241.6	146.23
1240.7	127.23
1433.8	203.24
1606.8	213.24
1735.9	238.25
1896	310.25
2018	274.25
2146.1	250.26
2197.2	220.26
2251.2	220.27
2257.3	273.27
2264.4	337.28
2120.5	294.28
1983.5	224.28
1894.6	267.29
1809.7	311.29
1564.7	240.3
1342.8	151.3
1210.9	177.31
1086.9	203.31
958	160.32
724.07	122.32
640.14	87.324
562.21	37.329
536.28	26.333
362.34	9.3375
316.41	57.342
274.48	91.346
260.55	91.351
250.62	39.355
335.85	42.188
372.91	83.192
428.98	67.197
636.05	52.201
646.12	72.205
684.19	104.21
714.26	130.21
821.33	162.22
940.39	153.22
1268.5	144.23
1333.5	164.23
1671.6	223.24
1783.7	266.24
1955.7	317.24
2144.8	339.25
2447.9	339.25
2721.9	330.26
2933	361.26
3156.1	417.27
3222.1	406.27
3290.2	383.28
3140.3	368.28
2997.4	337.28
2994.4	318.29
2991.5	304.29
2765.6	319.3
2553.6	333.3
2185.7	267.31
1858.8	216.31
1622.8	225.31
1407.9	233.32
1383	206.32
879.04	187.33
787.11	156.33
701.18	111.34
698.25	92.341
489.31	69.346
406.38	92.35
326.45	119.35
309.52	104.36
283.59	85.363
438.82	2.1959
459.88	16.2
505.95	28.205
648.02	64.209
747.09	100.21
802.16	106.22
861.23	137.22
1032.3	170.23
1247.4	161.23
1516.4	146.24
1676.5	132.24
2053.6	227.24
2347.6	293.25
2641.7	333.25
2915.8	374.26
3461.8	364.26
3642.9	354.27
3842	383.27
4049	414.27
4195.1	502.28
4348.2	527.28
4144.3	555.29
3950.3	487.29
3848.4	432.3
3749.5	379.3
3479.5	349.31
3226.6	321.31
2820.7	306.31
2457.7	340.32
2106.8	250.32
1793.9	166.33
1802.9	197.33
1149	229.34
973.08	144.34
813.15	88.345
798.22	99.349
574.28	110.35
543.35	100.36
482.42	91.362
408.49	129.37
291.56	100.37
523.79	6.2039
553.85	2.2083
602.92	3.2127
754.99	110.22
789.06	102.22
982.13	90.226
1103.2	121.23
1286.3	150.23
1529.3	169.24
1921.4	195.24
2191.5	217.25
2658.5	310.25
3061.6	390.26
3496.7	417.26
3829.7	481.27
4584.8	455.27
4636.9	428.27
4929	483.28
5238	548.28
5476.1	634.29
5724.2	702.29
5588.2	693.3
5455.3	654.3
5292.4	652.3
5133.4	649.31
4671.5	560.31
4244.6	475.32
3650.6	343.32
3126.7	235.33
2680.8	262.33
2285.8	290.34
1906.9	221.34
1408	206.34
1136	164.35
975.12	132.35
813.19	134.36
669.25	145.36
657.32	139.37
532.39	138.37
409.46	141.37
283.53	129.38
651.76	47.212
751.82	26.216
785.89	-4.7793
986.96	92.225
995.03	127.23
1232.1	134.23
1435.2	160.24
1685.2	184.24
1991.3	212.25
2439.4	241.25
2832.4	288.26
3487.5	345.26
4007.6	464.26
4716.6	645.27
5019.7	682.27
5963.8	644.28
6233.9	617.28
6612.9	717.29
7131	774.29
7387.1	808.3
7654.1	856.3
7570.2	813.3
7492.3	785.31
7181.3	834.31
6884.4	884.32
6293.5	764.32
5745.5	652.33
4821.6	488.33
4207.7	334.33
3411.7	411.34
2906.8	492.34
2238.9	426.35
1896.9	226.35
1735	194.36
1191.1	162.36
1080.2	141.37
785.22	115.37
712.29	142.37
580.36	178.38
485.43	157.38
405.5	113.39
806.73	63.22
938.79	67.224
1025.9	62.229
1232.9	114.23
1289	175.24
1547.1	194.24
1849.1	210.25
2168.2	260.25
2538.3	327.26
3091.3	341.26
3610.4	382.26
4430.5	424.27
5124.5	520.27
6063.6	803.28
6643.7	897.28
7569.8	958.29
8183.8	982.29
9107.9	1074.3
9646	1100.3
9897	1128.3
10154	1165.3
10019	1128.3
9889.2	1093.3
9399.3	1053.3
8933.4	1013.3
8291.4	898.33
7686.5	795.33
7035.6	717.34
5693.6	657.34
5022.7	593.35
3760.8	532.35
3382.9	508.36
2542.9	285.36
2520	263.36
1516.1	241.37
1541.1	177.37
942.19	150.38
778.26	135.38
668.33	101.39
603.4	125.39
561.47	112.4
958.7	59.228
1042.8	111.23
1252.8	163.24
1408.9	209.24
1537	208.25
1885	217.25
2260.1	223.25
2601.2	326.26
3023.2	432.26
3825.3	486.27
4492.4	523.27
5362.5	579.28
6304.5	663.28
7254.6	841.29
8478.7	1076.3
9311.7	1276.3
10043	1379.3
11722	1389.3
12199	1410.3
12549	1561.3
12909	1636.3
12728	1618.3
12549	1601.3
11914	1420.3
11311	1252.3
10472	1136.3
9690.5	1015.3
9595.5	957.35
7165.6	868.35
7009.7	660.36
4752.8	476.36
4674.8	390.36
3091.9	334.37
2935	342.37
1923	350.38
1883.1	252.38
1148.2	247.39
980.23	144.39
786.3	36.395
702.37	86.399
593.44	144.4
1111.7	109.24
1209.7	168.24
1461.8	194.24
1621.9	219.25
1893.9	216.25
2169	248.26
2493.1	255.26
2955.1	393.27
3560.2	408.27
4382.3	553.28
5167.4	586.28
6103.4	628.28
7349.5	944.29
8301.6	1058.3
9637.6	1287.3
10850	1422.3
12129	1552.3
13238	1519.3
14361	1493.3
14778	1859.3
15206	1874.3
15042	1861.3
14882	1848.3
14000	1749.3
13172	1655.3
12093	1563.3
11095	1374.4
9637.5	1237.4
8287.6	865.36
6734.7	713.36
5383.7	573.37
4392.8	463.37
3559.9	380.38
3422.9	360.38
2248	341.39
2173.1	269.39
1372.1	210.39
1317.2	129.4
907.27	139.4
865.34	135.41
593.41	131.41
1282.6	96.244
1353.7	136.25
1573.8	200.25
1839.8	257.26
2223.9	293.26
2420	299.27
2950	311.27
3451.1	553.27
4188.2	555.28
4928.3	588.28
6120.3	705.29
7198.4	759.29
8677.5	915.3
9612.5	1166.3
11520	1364.3
12561	1547.3
14508	1789.3
15474	1891.3
16801	1941.3
17292	2121.3
17832	2126.3
17786	2103.3
17747	2080.3
16851	2037.3
16004	1995.3
14648	1741.4
13399	1484.4
12629	1337.4
10101	1178.4
9020.6	983.37
6568.7	849.38
6109.8	769.38
4035.8	480.38
3321.9	396.39
2552	317.39
2483	260.4
1663.1	199.4
1427.2	164.41
1102.2	154.41
1023.3	142.42
719.38	141.42
1401.6	112.25
1510.7	114.26
1781.7	151.26
2006.8	214.27
2502.9	293.27
2751.9	322.27
3439	367.28
3909.1	604.28
4868.2	604.29
5569.2	710.29
7288.3	920.3
8295.4	1003.3
10075	1066.3
11240	1458.3
13549	1601.3
14596	1878.3
16740	2029.3
18224	2296.3
19708	2369.3
20420	2518.3
21050	2567.3
20917	2550.3
20799	2534.3
19776	2441.4
18988	2373.4
17371	2129.4
16137	1877.4
16295	1836.4
11915	1447.4
11719	1288.4
7905.7	989.38
8084.7	946.39
4884.8	631.39
4004.9	454.4
2963.9	295.4
2741	265.41
1898.1	220.41
1636.1	183.41
1216.2	158.42
1023.3	146.42
810.35	104.43
1501.6	178.26
1674.6	151.26
2051.7	134.27
2216.8	235.27
2749.9	281.28
3124.9	351.28
3883	425.29
4323.1	592.29
5562.1	621.3
6278.2	856.3
8298.3	1023.3
9190.3	1159.3
11365	1406.3
12741	1717.3
15198	1872.3
16578	2210.3
18871	2255.3
20712	2580.3
22440	2635.3
23552	2881.3
24311	2970.3
24035	2988.4
23775	3011.4
23017	2895.4
21703	2717.4
20450	2621.4
18631	2329.4
18141	2258.4
13541	1593.4
13159	1549.4
9049.6	1012.4
8730.7	955.4
5816.8	668.4
5302.8	513.4
3442.9	375.41
3063	310.41
2033	294.42
1928.1	241.42
1282.2	201.43
1091.3	188.43
874.32	86.436
1658.5	217.27
1800.6	211.27
2191.7	195.28
2468.8	350.28
2967.8	358.29
3379.9	424.29
4294	492.29
4752	652.3
6177.1	785.3
6848.2	896.31
8949.2	979.31
9973.3	1187.3
12478	1526.3
13686	1702.3
16587	1907.3
17950	2278.3
20958	2498.3
22358	2817.3
24284	2967.3
25675	3041.4
26634	3120.4
26500	3162.4
26385	3200.4
26333	3157.4
24258	2897.4
23931	2758.4
20566	2372.4
19440	2085.4
15175	1833.4
14597	1779.4
10044	1182.4
9312.7	1104.4
6293.7	636.41
5727.8	584.41
3767.9	530.42
3425.9	377.42
2167	359.43
2044.1	328.43
1426.2	226.43
1354.2	214.44
999.29	116.44
1880.5	187.28
1898.6	305.28
2335.7	264.29
2530.7	253.29
3126.8	410.29
3575.9	497.3
4472.9	561.3
5000	614.31
6608.1	908.31
7322.1	923.32
9549.2	1144.3
10552	1467.3
13338	1580.3
14427	1943.3
17890	2002.3
19082	2490.3
22493	2831.3
23552	3020.4
26176	3250.4
27424	3425.4
28492	3469.4
28405	3527.4
28334	3498.4
27256	3301.4
26054	3075.4
25796	2939.4
21742	2761.4
20890	2602.4
16078	1998.4
15498	1718.4
10742	1349.4
10094	1286.4
6852.7	865.42
6140.8	769.42
3946.8	607.43
3488.9	474.43
2330	287.43
2226.1	236.44
1573.1	158.44
1433.2	102.45
1073.3	58.452
2000.5	258.28
2000.6	326.29
2472.6	282.29
2644.7	222.3
3417.8	418.3
3812.8	503.31
4776.9	514.31
5438	719.32
6952	844.32
7767.1	1065.3
10404	1207.3
11340	1504.3
14336	1778.3
15402	2081.3
19323	2255.3
20443	2614.4
24113	2784.4
25102	3099.4
28090	3515.4
29057	3741.4
30433	3831.4
30554	3797.4
30681	3720.4
29853	3486.4
28024	3283.4
27667	3139.4
23629	3024.4
22591	2723.4
17483	2163.4
16406	1975.4
11681	1499.4
10799	1392.4
7333.7	925.42
6581.7	669.43
4286.8	464.43
3747.9	435.44
2667	352.44
2371	214.45
1623.1	208.45
1506.2	200.46
1084.2	44.46
1947.5	317.29
2084.5	304.3
2533.6	287.3
2852.7	280.31
3611.7	404.31
3955.8	443.31
5156.9	456.32
5589.9	629.32
7353	852.33
8136.1	1116.3
11005	1315.3
11933	1549.3
15105	1929.3
16344	2060.3
20290	2406.4
21470	2703.4
25307	3005.4
26399	3212.4
29655	3617.4
30538	3887.4
32236	4048.4
32311	3955.4
32526	3881.4
32363	3648.4
29778	3432.4
28901	3255.4
25297	3085.4
23870	2717.4
18618	2235.4
17403	2193.4
12588	1539.4
11228	1348.4
7802.7	963.43
6934.7	742.44
4565.8	402.44
4022.9	367.45
2759.9	343.45
2429	249.45
1744.1	265.46
1567.1	264.46
1128.2	60.468
1945.4	299.3
2116.5	297.3
2640.6	301.31
3041.6	348.31
3685.7	402.32
4030.8	418.32
5410.8	470.33
5610.9	531.33
7770	958.34
8400	1043.3
11329	1375.3
12212	1625.3
15596	1855.4
16884	2108.4
20771	2498.4
22063	2821.4
26011	3341.4
27266	3346.4
30802	3596.4
31775	3895.4
33271	4037.4
33553	4048.4
33499	4059.4
33277	3818.4
31075	3573.4
29831	3297.4
26120	3047.4
24616	2766.4
19232	2282.4
18167	2195.4
13219	1512.4
11708	1350.4
8168.6	985.44
7149.7	964.45
4657.8	560.45
4181.8	417.45
2704.9	291.46
2484	270.46
1898	242.47
1641.1	203.47
1209.2	87.476
2088.4	295.31
2121.5	296.31
2837.5	298.32
3087.6	363.32
3826.7	401.33
4128.7	458.33
5486.8	516.33
5911.9	728.34
7955.9	941.34
8541	1050.3
11734	1254.4
12437	1535.4
16000	1747.4
17058	2266.4
21203	2738.4
22492	2896.4
26532	3106.4
27968	3320.4
31519	3580.4
32445	3855.4
33438	3955.4
34456	4081.4
34081	4212.4
33710	4011.4
31833	3763.4
30775	3373.4
26629	3015.4
25193	2689.4
19874	2389.4
18408	2257.4
13574	1527.4
12319	1487.4
8272.6	882.45
7278.7	878.45
4718.7	706.46
4313.8	526.46
2895.9	381.47
2571.9	271.47
1880	228.48
1720.1	223.48
1229.1	129.48
2131.4	303.32
2302.4	327.32
2761.5	312.33
3042.6	309.33
4032.6	383.33
4143.7	488.34
5654.8	675.34
5904.8	807.35
8089.9	980.35
8824	1280.4
12009	1408.4
12736	1736.4
16390	1935.4
17530	2037.4
22103	2807.4
22520	2873.4
27379	3024.4
28400	3192.4
32381	3550.4
32997	3915.4
34822	4273.4
34966	4299.4
34954	4328.4
34555	4067.4
32172	3910.4
30824	3679.4
27232	3211.4
25782	2900.4
20898	2508.4
18961	2284.4
13670	1709.4
12405	1535.5
8573.6	1011.5
7572.6	821.46
4864.7	578.47
4370.8	525.47
3077.8	498.47
2615.9	349.48
1816	268.48
1753	249.49
1215.1	194.49
2167.3	267.32
2438.4	293.33
2858.5	342.33
3052.5	403.34
3932.6	471.34
4303.7	598.35
5707.7	807.35
6151.8	861.36
8300.9	1013.4
8864	1152.4
12223	1577.4
12884	1836.4
16393	2019.4
17870	2161.4
22337	2764.4
23020	2960.4
27947	3170.4
28678	3448.4
32843	3705.4
33301	4117.4
34898	4235.4
35510	4278.4
35484	4354.4
35237	4185.4
32997	3992.4
31553	3873.4
27757	3342.4
26063	3157.4
20966	2451.4
19303	1970.5
13945	1566.5
12584	1500.5
8793.5	922.46
7694.6	823.47
4952.7	719.47
4456.7	617.48
3172.8	412.48
2588.9	336.49
1865.9	272.49
1709	238.5
1346.1	202.5
2135.3	265.33
2377.4	279.34
3007.4	349.34
3173.5	437.35
3875.6	498.35
4472.6	608.35
5821.7	770.36
6325.8	864.36
8448.9	1006.4
9030.9	967.37
12367	1620.4
13004	1748.4
16721	1998.4
18107	2362.4
22471	2877.4
23753	3044.4
28236	3363.4
28952	3748.4
32938	3793.4
33643	4011.4
34710	4168.4
36107	4297.4
35810	4333.4
35586	4265.4
33782	4007.4
32386	3792.4
28110	3376.4
26314	3188.5
20886	2379.5
19518	2014.5
14153	1534.5
12813	1461.5
8795.5	894.47
7620.6	815.48
5062.6	747.48
4568.7	616.49
3231.8	380.49
2673.8	340.49
1967.9	298.5
1727	244.5
1393	189.51
2072.3	316.34
2263.3	327.35
3019.4	347.35
3284.5	374.35
4108.6	460.36
4515.6	530.36
5993.7	687.37
6318.8	819.37
8459.8	976.38
9252.9	1087.4
12490	1576.4
13184	1728.4
17250	2070.4
18226	2328.4
22878	2998.4
24064	3005.4
28569	3420.4
29288	3732.4
33092	3802.4
34050	3806.4
35206	4345.4
36406	4474.4
36100	4394.4
35804	4316.4
33934	3981.4
32591	3680.5
28369	3435.5
26716	3117.5
21343	2432.5
19740	2435.5
14300	1738.5
12842	1530.5
8728.5	984.48
7613.5	730.49
5177.6	516.49
4614.7	476.49
3241.7	454.5
2860.8	390.5
2015.9	349.51
1843	277.51
1314	219.52
2074.2	334.35
2250.3	352.35
3025.4	381.36
3278.5	467.36
4304.5	555.37
4548.6	571.37
5970.7	699.38
6523.7	770.38
8467.8	958.38
9006.9	1306.4
12600	1534.4
13255	1880.4
17039	2216.4
18060	2365.4
22804	2782.4
24017	2953.4
28843	3468.4
29537	3717.4
33276	4023.4
34117	4051.4
35168	4383.4
36250	4463.4
36087	4531.4
35926	4461.4
33849	3921.5
32720	3708.5
28559	3511.5
26885	3207.5
21475	2468.5
19762	2410.5
14699	1678.5
12709	1675.5
8750.4	852.49
7729.5	643.49
5150.6	478.5
4561.6	414.5
3107.7	357.51
2918.8	343.51
2050.9	334.52
1913.9	268.52
1376	262.52
2197.2	288.36
2434.3	384.36
2949.4	416.37
3337.4	469.37
4369.5	493.37
4478.6	600.38
5995.6	665.38
6637.7	869.39
8716.8	1083.4
9322.8	1279.4
12701	1510.4
13408	1845.4
17071	2318.4
18454	2417.4
22978	2854.4
24073	3113.4
29109	3360.4
29404	3826.4
33666	4053.4
34216	4242.4
35574	4470.4
36978	4442.4
36635	4478.5
36308	4315.5
33940	4034.5
32902	3829.5
28678	3616.5
27207	3416.5
21569	2363.5
19747	2021.5
14596	1618.5
12897	1350.5
9080.4	949.5
7762.5	898.5
5212.5	495.51
4579.6	423.51
3215.7	305.51
2882.8	335.52
2072.8	317.52
1810.9	278.53
1371	285.53
2356.2	141.37
2498.3	421.37
3013.3	416.37
3317.4	394.38
4258.5	491.38
4487.5	598.39
6065.6	643.39
6642.7	828.4
8870.7	1016.4
9512.8	1143.4
12829	1370.4
13423	1614.4
17281	2044.4
18688	2404.4
23449	2783.4
24104	3106.4
29267	3333.4
29809	3831.4
34141	4096.4
34325	4243.4
35836	4444.5
37397	4526.5
37004	4413.5
36615	4277.5
34574	4157.5
32914	4003.5
29183	3410.5
27173	3153.5
21809	2565.5
20015	2216.5
14659	1736.5
13138	1489.5
9195.4	1086.5
7990.5	1087.5
5263.5	585.51
4641.6	547.52
3312.7	397.52
2900.7	406.53
2072.8	334.53
1847.9	294.54
1436.9	229.54
2412.2	137.37
2457.2	374.38
3160.3	357.38
3348.4	374.39
4168.4	518.39
4570.5	567.4
6187.6	722.4
6571.6	782.4
8818.7	905.41
9392.8	1075.4
12874	1294.4
13420	1505.4
17572	1955.4
18671	2328.4
23505	2814.4
24376	3013.4
29340	3425.4
30111	3653.4
34591	4134.5
34635	4239.5
35900	4390.5
37197	4623.5
36965	4491.5
36720	4476.5
35086	4298.5
33074	4136.5
29522	3367.5
27134	3121.5
21908	2772.5
20125	2544.5
14764	1766.5
13119	1683.5
9130.4	1093.5
8151.4	1045.5
5336.5	679.52
4655.6	632.53
3302.6	475.53
2958.7	440.54
2101.8	333.54
1954.8	263.54
1468.9	163.55
2383.1	286.38
2486.2	283.39
3189.3	313.39
3454.3	423.39
4229.4	490.4
4648.5	567.4
6233.5	817.41
6539.6	857.41
8801.7	1008.4
9372.7	1134.4
12893	1359.4
13558	1656.4
17707	2225.4
18822	2302.4
23238	3036.4
24780	3109.4
29399	3501.5
29965	3524.5
34399	4070.5
34947	4340.5
36028	4405.5
37130	4587.5
36998	4611.5
36865	4599.5
34992	4404.5
33463	4109.5
29394	3620.5
27424	3543.5
21825	2647.5
19986	2354.5
14683	1665.5
13053	1485.5
9207.3	1044.5
8024.4	1009.5
5429.5	711.53
4655.5	578.53
3307.6	423.54
2967.7	363.54
2146.7	291.55
1934.8	221.55
1401.9	176.56
2371.1	273.39
2470.2	275.39
3141.2	358.4
3398.3	401.4
4322.4	527.41
4775.4	649.41
6059.5	740.42
6597.6	798.42
8946.6	1211.4
9575.7	1289.4
13101	1346.4
13669	1887.4
17565	2158.4
19179	2377.4
23684	2919.5
24785	3323.5
29388	3551.5
30602	3608.5
32725	3955.5
34815	4276.5
36106	4378.5
37444	4488.5
37324	4608.5
37217	4430.5
34885	4258.5
33607	3871.5
29554	3487.5
27578	3320.5
22040	2615.5
20324	2410.5
14794	1907.5
13362	1727.5
9275.3	1079.5
7894.4	1012.5
5425.4	701.54
4792.5	518.54
3389.6	438.55
2975.6	280.55
2141.7	269.56
1925.8	263.56
1397.8	258.56
2442.1	292.4
2527.1	285.4
3129.2	318.41
3366.3	391.41
4402.3	453.41
4875.4	585.42
6259.5	886.42
6625.5	971.43
8929.6	1170.4
9688.7	1239.4
13210	1497.4
13707	1698.4
17392	2165.4
19130	2458.5
23714	2928.5
24951	3326.5
29691	3617.5
30520	3763.5
33927	3959.5
34984	4318.5
36048	4335.5
37585	4438.5
37626	4578.5
37660	4440.5
35067	4118.5
33667	3695.5
29885	3390.5
27608	3289.5
21980	2637.5
20023	2206.5
15150	1817.5
13384	1460.5
9346.3	1047.5
7951.3	955.54
5536.4	751.55
4711.5	558.55
3307.5	402.56
2966.6	317.56
2038.7	297.56
1750.7	251.57
1418.8	219.57
2483	297.41
2589.1	308.41
3152.2	272.41
3360.2	406.42
4482.3	444.42
4838.4	533.43
6238.4	874.43
6744.5	1000.4
8934.6	1091.4
9666.7	1204.4
13164	1500.4
13780	1635.5
17447	2165.5
19095	2415.5
23723	2781.5
25132	3229.5
29814	3514.5
30416	3751.5
34903	4081.5
35318	4356.5
37417	4404.5
38154	4480.5
37869	4524.5
37585	4506.5
35561	4287.5
33892	4040.5
29885	3535.5
27613	3369.5
22116	2555.5
20114	2153.5
15243	1686.5
13439	1430.5
9367.2	1103.5
8097.3	975.55
5461.4	758.55
4708.4	613.56
3371.5	384.56
2989.6	369.57
2111.6	291.57
1780.7	244.58
1493.8	213.58
2363	307.41
2581.1	330.42
3211.1	289.42
3438.2	429.43
4494.3	477.43
4811.4	542.44
6155.4	689.44
6817.5	884.44
9030.6	1130.4
9662.6	1270.5
13035	1493.5
13893	1771.5
17720	2227.5
19295	2424.5
23943	2757.5
25169	3158.5
29863	3426.5
30796	3705.5
34641	4191.5
35835	4375.5
38990	4489.5
38746	4482.5
38039	4439.5
37344	4380.5
36003	4347.5
34265	4189.5
29740	3623.5
27898	3341.5
22322	2568.5
20461	2415.5
15072	1726.5
13411	1669.5
9394.2	1198.6
8170.3	1084.6
5413.3	692.56
4805.4	563.57
3475.5	377.57
2973.5	317.58
2212.6	211.58
1930.7	222.58
1484.8	233.59
2233	342.42
2548	340.43
3280.1	345.43
3563.2	439.43
4453.3	449.44
4891.3	535.44
6399.4	637.45
6784.5	882.45
9094.5	1174.5
9737.6	1293.5
13023	1676.5
13939	1782.5
17903	2346.5
19400	2579.5
24108	3023.5
25146	3113.5
30111	3548.5
31135	3811.5
35034	4184.5
36255	4404.5
38677	4490.5
38732	4458.5
38147	4423.5
37565	4244.5
36087	4057.5
34431	3748.5
29853	3455.5
28288	3228.5
22277	2791.5
20350	2660.5
15067	1788.6
13207	1655.6
9438.2	1180.6
8186.2	1110.6
5602.3	652.57
4805.4	487.57
3379.4	351.58
2904.5	257.58
2126.6	171.59
1901.7	179.59
1387.7	189.6
2408.9	321.43
2586	330.43
3307.1	434.44
3568.2	458.44
4543.2	524.45
4847.3	562.45
6361.4	639.46
7077.4	749.46
9120.5	1144.5
9688.6	1279.5
13515	1600.5
13924	1985.5
17893	2211.5
19179	2524.5
24051	2919.5
25315	3115.5
29900	3726.5
30935	3793.5
35369	4021.5
35630	4258.5
37403	4638.5
38816	4830.5
38318	4800.5
37835	4772.5
35759	4207.5
34191	4096.5
29772	3558.5
28049	3292.5
22554	2847.6
20558	2642.6
15136	1744.6
13479	1645.6
9317.1	1137.6
8261.2	916.57
5545.3	711.58
4844.3	542.58
3383.4	382.59
2954.5	367.59
2228.6	373.6
1957.6	248.6
1477.7	196.6
2396.9	315.44
2568	346.44
3316.1	443.45
3592.1	472.45
4621.2	638.46
4961.3	646.46
6328.3	701.46
7039.4	781.47
9182.5	1080.5
9745.5	1251.5
13198	1534.5
13981	1795.5
17805	2148.5
19333	2548.5
24043	2870.5
25333	3037.5
30095	3461.5
30785	3660.5
35280	4085.5
35752	4381.5
36957	4707.5
38435	4825.5
38202	4829.5
37991	4686.5
35785	4280.5
34265	4168.5
30074	3553.6
28125	3366.6
22702	2693.6
20611	2504.6
15333	1738.6
13516	1460.6
9523.1	1130.6
8291.2	759.58
5594.2	765.59
4929.3	585.59
3431.4	392.6
3132.5	412.6
2215.5	348.6
1969.6	255.61
1503.7	202.61
2372.9	277.45
2620	366.45
3347	404.45
3558.1	448.46
4523.2	577.46
5025.2	614.47
6348.3	791.47
6893.4	846.48
9273.4	1075.5
9822.5	1193.5
13108	1487.5
14051	1648.5
17988	2211.5
19397	2465.5
24204	2997.5
25379	3206.5
30209	3334.5
30885	3564.5
35179	4087.5
35944	4483.5
36878	4651.5
38018	4660.5
38045	4706.5
38079	4417.5
35991	4245.6
34419	4129.6
30466	3523.6
28125	3418.6
22542	2646.6
20379	2497.6
15352	1711.6
13514	1452.6
9626.1	1094.6
8247.2	840.59
5629.2	754.59
4933.3	639.6
3518.4	509.6
3079.4	459.61
2153.5	212.61
1972.6	207.62
1473.6	180.62
2382.9	266.45
2618.9	374.46
3319	391.46
3486.1	411.47
4419.1	475.47
4922.2	542.48
6383.3	790.48
6862.3	818.48
9212.4	1142.5
9869.5	1205.5
13543	1537.5
14051	1742.5
18220	2283.5
19158	2328.5
24318	3045.5
25411	3326.5
30089	3522.5
31040	3691.5
35104	3989.5
35829	4320.5
37156	4548.5
38031	4610.5
38052	4677.6
38072	4480.6
36036	4231.6
34363	4142.6
30346	3622.6
28110	3439.6
22334	2699.6
20198	2465.6
15147	1722.6
13556	1620.6
9456.1	1066.6
8189.1	1005.6
5560.2	665.6
4800.3	613.61
3546.3	561.61
2942.4	463.62
2158.5	199.62
2011.5	193.62
1478.6	153.63
2270.8	344.46
2433.9	383.47
3191	394.47
3481	408.47
4502.1	550.48
4837.2	604.48
6386.2	707.49
6794.3	816.49
8982.4	1186.5
9934.4	1334.5
13495	1707.5
14032	1737.5
18077	2280.5
19057	2360.5
24209	2855.5
25242	2993.5
30187	3531.5
31046	3948.5
34747	4067.5
35983	4173.5
38188	4474.5
38209	4532.6
38038	4596.6
37868	4558.6
35996	4275.6
34265	4018.6
29837	3759.6
28492	3425.6
22318	2578.6
20298	2199.6
15009	1849.6
13444	1615.6
9410	1122.6
8162.1	990.61
5517.2	567.61
4676.2	469.62
3479.3	377.62
3080.4	327.62
2181.4	245.63
2042.5	221.63
1513.6	150.64
2469.8	287.47
2560.9	339.47
3280.9	425.48
3518	472.48
4465.1	512.49
4815.1	552.49
6333.2	884.5
6938.3	1002.5
9085.3	1061.5
9895.4	1403.5
13180	1711.5
14310	1723.5
17844	2184.5
18949	2448.5
24253	2985.5
25351	3056.5
30198	3500.5
31248	3891.5
34940	3915.5
35528	4504.6
36871	4636.6
37923	4703.6
37767	4669.6
37611	4624.6
35579	4349.6
34296	3900.6
29596	3564.6
28354	3225.6
22448	2500.6
20498	2232.6
14915	1918.6
13501	1523.6
9310	1145.6
8106.1	1119.6
5775.1	614.62
4883.2	549.62
3400.3	464.63
3028.3	291.63
2169.4	249.64
1886.5	201.64
1422.5	166.65
2554.8	279.48
2651.8	322.48
3185.9	421.49
3631	500.49
4537	586.5
4815.1	571.5
6444.2	718.5
6891.2	937.51
9217.3	1105.5
9622.4	1251.5
13305	1696.5
14234	1745.5
17733	2049.5
19095	2409.5
24244	2835.5
25333	3073.5
29976	3459.5
30907	3939.6
34928	4023.6
35420	4457.6
37236	4494.6
37943	4588.6
37632	4595.6
37336	4605.6
35375	4540.6
33794	4160.6
29772	3583.6
27692	3330.6
22334	2629.6
20372	2519.6
15022	1915.6
13424	1430.6
9337	1108.6
8075	1046.6
5648.1	603.63
4848.2	555.63
3475.2	493.64
2964.3	371.64
2151.4	300.64
1869.4	213.65
1532.5	205.65
2453.7	316.49
2659.8	326.49
3194.9	390.49
3543.9	444.5
4551	647.5
4847.1	655.51
6493.2	616.51
6770.2	845.52
9194.3	1119.5
9544.4	1168.5
13417	1531.5
13946	1639.5
17585	2050.5
19259	2408.5
24073	2676.5
25233	3086.6
29857	3530.6
30602	3865.6
34659	4273.6
35299	4260.6
37370	4375.6
37828	4423.6
37396	4460.6
36977	4466.6
35306	4500.6
33252	4224.6
29767	3628.6
27266	3440.6
22213	2765.6
20026	2533.6
15050	1785.6
13219	1503.6
9366.9	1082.6
8089	954.63
5515.1	567.63
4833.1	533.64
3498.2	499.64
2953.3	499.65
2189.3	344.65
1916.4	263.66
1559.5	235.66
2422.7	322.49
2640.8	324.5
3354.8	351.5
3332.9	417.51
4457	573.51
4828.1	648.52
6346.1	760.52
6753.2	889.52
9097.3	1030.5
9735.3	1260.5
13151	1387.5
13805	1537.5
17507	2143.5
19256	2522.6
23779	2762.6
25233	3129.6
29793	3625.6
30663	3656.6
34473	4302.6
34772	4312.6
35906	4518.6
37269	4476.6
36977	4438.6
36700	4341.6
35053	4252.6
33055	3939.6
29261	3483.6
27261	3259.6
22189	2744.6
19776	2303.6
14898	1699.6
13116	1635.6
9241.9	1128.6
8072	1049.6
5631	601.64
4948.1	575.65
3391.2	556.65
2969.2	519.66
2247.3	344.66
1936.4	293.66
1406.5	246.67
2525.7	313.5
2536.7	334.51
3211.8	287.51
3344.9	501.52
4481	514.52
4669	520.52
6255.1	640.53
6675.2	770.53
9070.2	1149.5
9763.3	1243.5
13068	1558.5
13652	1720.6
17886	2133.6
19323	2525.6
23453	2781.6
25287	3026.6
29340	3562.6
30405	3704.6
34412	4191.6
34412	4300.6
35630	4532.6
36904	4488.6
36825	4447.6
36752	4317.6
34809	4222.6
32748	4018.6
28832	3425.6
27046	3131.6
21920	2771.6
19583	2438.6
14874	1813.6
13163	1589.6
9050.9	1196.6
7976.9	1161.6
5485	647.65
4741.1	569.66
3411.1	538.66
2988.2	432.66
2238.3	370.67
2089.4	281.67
1455.4	268.68
2438.6	297.51
2586.7	300.51
3160.8	365.52
3433.9	495.52
4431.9	541.53
4781	592.53
6313.1	669.54
6631.1	776.54
9040.2	1058.5
9526.3	1293.5
13083	1676.6
13637	1807.6
17500	2248.6
19005	2494.6
23556	2869.6
24861	2989.6
29293	3479.6
30236	3939.6
33830	4064.6
34368	4130.6
35477	4437.6
36614	4468.6
36457	4527.6
36307	4465.6
34239	4067.6
32380	3870.6
28430	3469.6
26914	3149.6
21667	2515.6
19246	2157.6
14680	1797.6
13046	1638.6
8940.8	1180.7
7968.9	1005.7
5605	708.66
4728	529.66
3377.1	474.67
2979.2	395.67
2216.3	386.68
2130.3	230.68
1398.4	241.69
2461.6	306.52
2570.7	287.52
3036.8	405.53
3449.8	437.53
4397.9	592.54
4729	625.54
6200	783.54
6644.1	845.55
8931.2	1070.6
9285.2	1266.6
13025	1587.6
13734	1762.6
17129	2286.6
18853	2391.6
23488	2808.6
24513	3009.6
29193	3383.6
29933	3730.6
33546	3911.6
33970	4058.6
35085	4262.6
36229	4349.6
36028	4355.6
35822	4307.6
33806	3973.6
32148	3864.6
28023	3438.6
26427	3063.6
21312	2499.6
19079	2226.6
14532	1821.6
12709	1533.7
8829.8	1090.7
7825.9	910.66
5393	800.67
4703	593.67
3262.1	424.68
2931.2	363.68
2152.2	341.68
1988.3	215.69
1452.4	242.69
2392.6	311.53
2449.7	308.53
2995.7	397.53
3435.8	399.54
4336.9	512.54
4565.9	552.55
6036	807.55
6706.1	849.56
8838.1	1198.6
9351.2	1238.6
12871	1487.6
13625	1668.6
17085	2228.6
18890	2313.6
23309	2735.6
24385	2984.6
28884	3370.6
29494	3526.6
33630	3922.6
33588	4198.6
34678	4241.6
35912	4355.6
35636	4251.6
35401	4168.6
33384	3926.6
32032	3798.6
27806	3347.6
25945	3046.6
21027	2607.6
19159	2418.7
14383	1870.7
12440	1492.7
8719.8	1099.7
7691.9	931.67
5132.9	785.68
4656	600.68
3240.1	440.68
2869.1	369.69
2071.2	277.69
1862.3	224.7
1495.3	262.7
2176.6	295.53
2408.6	319.54
3087.7	414.54
3454.8	419.55
4244.8	406.55
4566.9	532.56
6056	732.56
6719	808.56
8848.1	1188.6
9486.2	1251.6
12754	1540.6
13347	1647.6
17076	2184.6
18766	2293.6
23263	2837.6
24283	2955.6
28636	3442.6
29209	3717.6
33498	4018.6
33691	4287.6
34815	4354.6
35816	4484.6
35426	4421.6
35009	4354.6
32807	3869.6
31803	3575.6
27716	3297.6
25744	3203.7
20889	2489.7
19120	2270.7
14211	1802.7
12463	1629.7
8689.8	1215.7
7707.8	918.68
5234.9	659.68
4669	472.69
3325	457.69
2842.1	403.7
2053.2	268.7
1898.2	221.71
1404.3	251.71
2305.5	306.54
2527.6	304.55
3010.7	319.55
3321.7	509.56
4267.8	546.56
4573.9	604.56
6101.9	730.57
6542	866.57
8860.1	989.58
9214.1	1070.6
12667	1550.6
13308	1717.6
17132	2073.6
18582	2199.6
22848	2979.6
24362	3161.6
28553	3515.6
29230	3559.6
33085	3769.6
33654	4018.6
35777	4280.6
35732	4351.6
35598	4374.6
35034	4353.6
32485	3933.6
31349	3727.7
27236	3187.7
25155	3173.7
20613	2359.7
18618	2346.7
14332	1578.7
12690	1530.7
8775.7	1227.7
7644.8	933.69
5298.9	587.69
4671.9	458.7
3261	373.7
2885.1	351.7
2176.1	313.71
2019.2	264.71
1417.3	229.72
2375.5	323.55
2516.6	375.55
2976.6	385.56
3265.7	489.56
4180.8	572.57
4542.8	602.57
5958.9	807.58
6550	956.58
8683	1045.6
9308.1	1138.6
12728	1624.6
13153	1789.6
16948	2248.6
18514	2234.6
22683	2952.6
24486	3145.6
28287	3376.6
29167	3507.6
33032	3892.6
33480	4127.6
34940	4193.6
35433	4160.6
35344	4279.6
34381	4094.7
32625	3804.7
30962	3518.7
27369	3183.7
25296	2997.7
20434	2546.7
18552	2229.7
13979	1731.7
12523	1577.7
8654.7	1103.7
7504.8	931.69
5301.8	684.7
4564.9	592.7
3199	452.71
2890	397.71
2177.1	366.72
1850.2	285.72
1437.2	208.73
2360.5	380.56
2491.5	412.56
3018.6	407.57
3254.7	385.57
4117.7	588.58
4496.8	620.58
5938.9	767.58
6570.9	866.59
8420	1032.6
9328.1	1147.6
12528	1664.6
13165	1776.6
16677	2034.6
18399	2411.6
22737	2778.6
24081	2983.6
28119	3212.6
29167	3520.6
33026	4122.6
33300	4263.6
33897	4178.6
35028	4146.7
34815	4236.7
34098	3996.7
32275	3814.7
30890	3606.7
27211	3123.7
25205	2705.7
20327	2466.7
18478	2195.7
13703	1912.7
12274	1612.7
8681.7	1027.7
7588.7	937.7
5293.8	687.71
4601.9	632.71
3209.9	449.72
2867	405.72
2114.1	350.72
1878.1	282.73
1432.2	199.73
2309.4	384.57
2486.5	352.57
3029.6	332.58
3223.6	362.58
4146.7	594.58
4511.8	634.59
6036.9	662.59
6485.9	726.6
8412	935.6
9266.1	1069.6
12300	1514.6
13266	1637.6
16677	1828.6
18396	2509.6
22737	2669.6
23692	2866.6
28195	3239.6
29130	3594.6
32637	4100.6
33252	4142.6
34381	4227.7
34997	4249.7
34622	4248.7
34399	4037.7
31849	3846.7
30857	3829.7
26845	3228.7
24929	2752.7
20419	2229.7
18353	2117.7
13780	1713.7
12186	1482.7
8814.6	1125.7
7752.7	923.71
5317.8	602.72
4700.8	550.72
3303.9	369.72
2868	320.73
2068	325.73
2006.1	297.74
1393.2	237.74
2279.4	302.57
2430.5	308.58
2956.5	331.58
3192.6	437.59
4164.7	509.59
4561.8	573.6
5983.8	678.6
6423.9	747.61
8642	1012.6
9443	1151.6
12445	1327.6
13192	1517.6
16867	2200.6
18626	2429.6
22658	2685.6
23972	2840.6
28343	3358.6
28983	3708.6
32194	3966.7
33252	4026.7
35331	4267.7
35337	4255.7
34871	4245.7
34418	3936.7
32235	3645.7
30691	3611.7
27011	3575.7
25214	3153.7
20643	2337.7
18461	1864.7
13847	1458.7
12124	1345.7
8725.6	1237.7
7669.7	870.72
5336.7	650.72
4631.8	552.73
3376.9	420.73
2891.9	265.74
2032	358.74
1832.1	328.75
1356.2	298.75
2375.4	323.58
2439.4	366.59
2908.5	405.59
3222.6	465.6
4083.7	428.6
4412.7	605.6
5860.8	743.61
6443.9	800.61
8636.9	1105.6
9322	1300.6
12491	1610.6
13112	1738.6
16701	2198.6
18544	2339.6
22704	2760.6
24252	3094.6
28578	3316.7
28999	3541.7
32601	3931.7
33079	4091.7
34344	4320.7
35382	4284.7
35249	4289.7
34227	4138.7
32310	3697.7
31085	3600.7
26676	3168.7
25101	2818.7
20260	2401.7
18170	2082.7
13793	1616.7
12113	1475.7
8562.6	1004.7
7560.6	828.73
5320.7	665.73
4633.8	559.74
3225.8	469.74
2885.9	286.74
2035	327.75
1897.1	286.75
1355.1	242.76
2282.4	317.59
2419.4	375.59
2876.5	428.6
3194.6	474.6
4052.6	499.61
4381.7	582.61
5851.8	628.62
6527.8	751.62
8654.9	1119.6
9370	1216.6
12693	1480.6
13246	1716.6
16720	2241.6
18440	2287.6
22869	2553.7
24331	2890.7
28444	3431.7
29430	3543.7
32854	3854.7
33222	4099.7
34765	4251.7
35458	4330.7
35053	4191.7
34208	4095.7
32351	3969.7
30985	3959.7
27040	3215.7
25310	2879.7
20190	2443.7
18414	2410.7
13844	1796.7
12296	1439.7
8742.5	995.73
7531.6	885.74
5318.7	629.74
4675.8	572.74
3188.8	454.75
2826.9	342.75
2065	315.76
1944	266.76
1354.1	256.77
2174.3	280.6
2390.4	333.6
2873.5	379.61
3201.5	437.61
4083.6	589.62
4515.7	586.62
5981.7	613.62
6442.8	779.63
8614.9	974.63
9414.9	1088.6
12568	1389.6
13249	1568.6
16799	2221.7
18497	2238.7
22915	2642.7
24133	2809.7
28414	3502.7
29541	3606.7
32848	3925.7
33582	4111.7
35720	4192.7
35477	4288.7
35022	4150.7
34591	4033.7
32490	4084.7
30968	4158.7
27172	3320.7
25762	2908.7
20297	2389.7
18623	2246.7
14035	1766.7
12333	1352.7
8834.5	1123.7
7718.6	993.74
5300.7	672.75
4669.7	593.75
3228.8	395.76
2785.9	342.76
2057.9	290.77
1860	264.77
1392.1	268.77
2207.3	261.61
2378.4	293.61
2918.4	363.62
3234.5	420.62
4093.6	562.62
4593.6	613.63
5975.7	752.63
6300.8	901.64
8479.8	900.64
9346.9	1086.6
12316	1557.7
13056	1566.7
16827	2129.7
18500	2190.7
22819	2937.7
24103	3106.7
28640	3465.7
29318	3633.7
32907	4036.7
33787	4120.7
35483	4257.7
35522	4240.7
35458	4258.7
34909	4142.7
32795	3945.7
31309	3881.7
27025	3197.7
25940	2756.7
20393	2357.7
18539	1976.7
14173	1611.7
12296	1388.7
8710.5	1140.7
7815.6	987.75
5266.6	744.76
4617.7	571.76
3218.8	393.76
2768.8	339.77
2029.9	268.77
1799	266.78
1422	224.78
2238.3	267.61
2358.3	255.62
3005.4	417.62
3168.5	484.63
4058.5	531.63
4522.6	550.64
5739.7	736.64
6382.7	895.65
8371.8	1047.6
9376.9	1065.7
12542	1462.7
13049	1602.7
16957	2141.7
18249	2205.7
22799	2706.7
24423	3166.7
28624	3543.7
29530	3759.7
33025	3929.7
33787	4026.7
34821	4337.7
35752	4326.7
35573	4318.7
34747	4183.7
33162	3904.7
31326	3628.7
27731	3327.7
25749	2975.7
20685	2462.7
18780	2228.7
14144	1520.7
12562	1429.8
8832.5	1111.8
7574.5	869.76
5258.6	671.76
4612.7	488.77
3208.7	460.77
2720.8	436.78
2043.9	301.78
1894.9	284.79
1379	212.79
2338.2	255.62
2361.3	229.63
3037.4	412.63
3272.4	452.64
4015.5	487.64
4675.6	566.64
5868.6	675.65
6328.7	838.65
8397.8	1067.7
9341.8	1135.7
12362	1540.7
13088	1824.7
16661	2159.7
18225	2401.7
22737	2803.7
24195	3173.7
28774	3378.7
29329	3518.7
33007	4235.7
33685	4242.7
34399	4283.7
35675	4299.7
35477	4318.7
35034	4193.7
32813	3995.7
31524	3593.7
28003	3290.7
25683	2992.7
20893	2373.7
18668	1968.7
14321	1528.8
12696	1485.8
8730.4	1209.8
7584.5	1092.8
5381.6	563.77
4496.6	444.78
3178.7	394.78
2761.8	388.78
1929.8	273.79
1822.9	284.79
1392	181.8
2301.2	230.63
2336.3	348.64
2970.3	445.64
3185.4	470.64
3897.5	451.65
4459.5	477.65
5786.6	593.66
6233.7	763.66
8432.7	1047.7
9069.8	1102.7
12041	1471.7
12868	1605.7
16579	2169.7
18136	2373.7
22519	2835.7
23705	3094.7
28547	3224.7
29223	3589.7
31620	4106.7
33234	4161.7
35528	4360.7
35816	4323.7
35732	4320.7
35167	4169.7
32719	4134.7
31468	3807.7
27832	3385.7
25786	3032.7
20916	2382.8
18522	2138.8
14228	1695.8
12691	1572.8
8606.4	986.77
7565.5	832.78
5385.5	472.78
4553.6	449.78
3173.7	349.79
2799.7	356.79
1902.8	276.8
1736.9	247.8
1356.9	194.81
2159.2	255.64
2289.2	407.64
2871.3	410.65
3070.4	456.65
3808.4	498.66
4172.5	479.66
5695.6	591.67
6088.7	705.67
8211.7	959.67
8797.8	1037.7
11903	1344.7
12573	1455.7
16352	2113.7
17804	2319.7
22166	2816.7
23372	3008.7
27961	3334.7
28816	3725.7
30651	3748.7
32158	3928.7
35154	4303.7
35636	4323.7
35547	4267.7
34846	4114.7
32713	4027.7
30935	3859.7
27487	3401.8
25498	3075.8
20692	2525.8
18637	2399.8
14030	1760.8
12460	1609.8
8486.4	903.78
7518.4	731.78
5303.5	516.79
4604.6	489.79
3177.6	382.8
2767.7	374.8
1946.8	305.81
1695.8	229.81
1331.9	247.81
2074.1	301.65
2264.2	304.65
2798.3	317.66
3054.3	369.66
3798.4	532.66
4142.5	600.67
5706.6	657.67
5896.6	713.68
7887.7	865.68
8689.8	1071.7
11777	1337.7
12362	1704.7
15823	2023.7
17299	2369.7
21823	2812.7
23027	2996.7
27318	3459.7
27956	3502.7
30961	3741.7
31303	3928.7
32872	4061.7
34759	4233.7
34542	4178.7
34258	4059.7
32229	3789.8
30350	3638.8
27172	3247.8
24929	3057.8
20364	2562.8
18644	2250.8
13870	1599.8
12164	1485.8
8381.3	1113.8
7472.4	1036.8
5217.5	596.8
4460.5	484.8
3141.6	388.8
2691.7	369.81
1916.7	322.81
1657.8	271.82
1357.9	240.82
2035.1	259.66
2273.2	308.66
2707.2	354.66
2846.3	360.67
3768.4	374.67
4017.5	505.68
5326.5	688.68
5732.6	853.69
7854.7	897.69
8578.7	1134.7
11322	1352.7
12023	1720.7
15728	1982.7
16756	2119.7
21606	2634.7
22267	3065.7
26594	3199.7
27333	3265.7
30728	3907.7
31808	3992.7
32800	4083.7
33854	4192.7
33751	4189.8
33642	4031.8
31604	3792.8
30198	3579.8
26705	3307.8
24947	3104.8
20055	2413.8
18067	2338.8
13430	1456.8
12090	1197.8
8415.3	975.8
7285.4	738.8
4985.4	489.8
4364.5	375.81
3067.6	291.81
2614.6	327.82
1826.7	361.82
1607.8	335.83
1347.9	123.83
1917.1	240.66
2117.1	220.67
2588.2	285.67
2824.3	329.68
3660.4	401.68
3849.4	503.69
5040.5	623.69
5617.6	747.69
7440.6	860.7
8173.7	1061.7
10759	1141.7
11334	1634.7
15145	1770.7
16043	1880.7
20556	2432.7
21657	2836.7
25585	3222.7
26728	3362.7
30568	3731.7
30956	3877.7
31991	3996.8
33055	4071.8
32825	4011.8
32607	3921.8
30851	3696.8
29251	3469.8
26175	2932.8
24209	2603.8
19693	2203.8
17572	2210.8
13152	1487.8
11629	1358.8
8359.3	888.8
7178.3	723.81
4941.4	564.81
4224.5	528.82
3023.5	291.82
2539.6	316.83
1855.7	357.83
1647.8	358.83
1261.8	93.838
1785.1	208.67
1937.1	257.68
2413.2	292.68
2614.3	341.68
3356.3	489.69
3577.4	525.69
4692.5	596.7
5167.5	636.7
6924.6	783.71
7515.7	928.71
10323	1036.7
10699	1448.7
14264	1706.7
14995	1952.7
19534	2377.7
20366	2478.7
24534	3075.7
25337	3389.7
28078	3447.8
29124	3584.8
30137	3948.8
31174	3988.8
30951	3983.8
30724	3894.8
29558	3648.8
27837	3412.8
25042	2820.8
22742	2533.8
18863	2116.8
16647	1913.8
12715	1492.8
11063	1395.8
7878.2	1003.8
6830.3	757.82
4790.4	626.82
3984.5	604.82
2863.5	407.83
2276.6	360.83
1832.7	273.84
1641.7	260.84
1185.8	134.85
1694	150.68
1816.1	283.68
2265.2	303.69
2326.2	341.69
3041.3	451.7
3270.4	486.7
4321.4	564.71
4550.5	584.71
6408.6	738.71
6915.6	830.72
9527.7	1122.7
9952.8	1280.7
13229	1687.7
13887	1966.7
18362	2263.7
18616	2332.7
23148	2850.7
23402	3112.8
24986	3186.8
27112	3262.8
27805	3696.8
28516	3807.8
28502	3857.8
28486	3770.8
27661	3432.8
25949	3205.8
23424	2899.8
21199	2698.8
17814	2216.8
15368	1765.8
11913	1484.8
10393	1265.8
7276.2	1095.8
6357.3	710.82
4494.4	560.83
3736.4	493.83
2669.5	471.84
2098.6	364.84
1706.6	233.85
1551.7	179.85
1130.8	162.85
1606	112.69
1704.1	157.69
2144.1	208.7
2199.2	281.7
2857.3	345.7
3020.3	413.71
4026.4	453.71
4150.5	498.72
5875.5	727.72
6454.6	784.73
8426.7	1138.7
8976.7	1170.7
12136	1486.7
12921	1653.7
16756	2007.7
17173	2335.8
21387	2784.8
21689	2826.8
23363	2915.8
25163	3006.8
25748	3209.8
26336	3436.8
26426	3429.8
26527	3418.8
25744	3037.8
23792	2863.8
21907	2689.8
19873	2435.8
16825	2244.8
14234	1777.8
11061	1534.8
9572.1	1313.8
6888.2	959.83
6012.3	661.83
4253.3	490.84
3564.4	438.84
2561.5	388.85
2155.5	295.85
1596.6	279.85
1467.7	206.86
1059.7	153.86
1423	171.7
1574	180.7
1840.1	198.7
1949.2	240.71
2626.2	327.71
2771.3	344.72
3655.4	385.72
3815.4	471.73
5468.5	691.73
5876.6	810.73
7908.6	916.74
8139.7	1019.7
11016	1295.7
11683	1568.8
15413	2035.8
15722	2125.8
19649	2505.8
19720	2699.8
21244	2723.8
22877	2748.8
23692	2878.8
24521	3020.8
24428	3150.8
24340	3062.8
24156	2908.8
21792	2817.8
20401	2423.8
18246	2330.8
15214	1797.8
13057	1569.8
10428	1362.8
8770.1	1239.8
6366.2	880.84
5561.2	583.84
3982.3	448.84
3414.4	372.85
2397.4	285.85
2089.5	279.86
1478.6	266.86
1356.6	230.87
1015.7	186.87
1370.9	133.7
1442	199.71
1629.1	224.71
1733.1	295.72
2365.2	343.72
2424.3	357.73
3251.3	398.73
3474.4	411.73
4748.5	613.74
4992.5	780.74
7163.6	792.75
7324.7	953.75
9849.8	1092.8
10337	1275.8
13698	1561.8
13833	1699.8
17331	1985.8
17674	2269.8
19070	2364.8
20579	2462.8
21136	2549.8
21701	2639.8
21724	2997.8
21749	2802.8
21761	2646.8
19528	2533.8
17939	2337.8
16112	2139.8
13885	1868.8
11899	1445.8
9375	1232.8
7863.1	917.84
5840.1	807.84
5042.2	579.85
3680.3	477.85
3027.3	337.86
2195.4	283.86
1880.5	243.87
1389.5	188.87
1268.6	177.87
973.67	162.88
1130.9	152.71
1229	206.72
1416	211.72
1537.1	262.72
1971.2	260.73
2017.2	343.73
2544.3	395.74
2915.4	389.74
4052.5	479.75
4196.5	584.75
5529.6	758.76
6237.7	852.76
8468.7	1010.8
8944.8	1149.8
11828	1276.8
11806	1449.8
14918	1608.8
15018	1814.8
16367	2042.8
17836	2289.8
18195	2330.8
18558	2383.8
18595	2595.8
18633	2473.8
18100	2380.8
16890	2110.8
15685	2021.8
13793	1730.8
12178	1640.8
10332	1337.8
8166	1113.8
6775	756.85
5072.1	737.85
4459.2	649.86
3198.2	554.86
2632.3	339.86
1990.4	278.87
1592.4	194.87
1306.5	118.88
1186.6	144.88
856.64	174.89
860.87	228.72
1021.9	198.72
1185	178.73
1338.1	168.73
1574.1	167.74
1721.2	262.74
2055.3	320.75
2393.4	406.75
3442.4	379.75
3625.5	391.76
4342.6	681.76
5113.6	691.77
6994.7	981.77
7500.8	1113.8
9416.8	1245.8
9793.9	1364.8
12046	1461.8
12320	1538.8
13487	1772.8
14751	2026.8
15185	2065.8
15624	2079.8
15590	2062.8
15552	2098.8
14892	2082.8
14197	1778.8
13633	1580.8
11686	1365.8
10101	1149.8
8581.9	1109.8
7017.9	948.85
5747	785.86
4262.1	634.86
3770.1	595.86
2708.2	486.87
2276.3	330.87
1765.3	256.88
1356.4	183.88
1166.5	111.89
1029.5	174.89
720.61	192.89
846.84	191.73
929.91	176.73
1049	184.74
1180	187.74
1356.1	197.75
1590.2	211.75
2083.3	252.75
2169.3	388.76
2869.4	367.76
3157.5	347.77
4266.5	560.77
4396.6	589.78
5887.7	875.78
6283.7	876.78
7146.8	1031.8
8125.9	1198.8
9284.9	1344.8
10545	1361.8
11402	1478.8
12327	1600.8
12768	1698.8
13222	1703.8
13268	1778.8
13315	1856.8
13219	1709.8
12123	1562.8
11528	1410.8
10065	1240.8
8581.8	1080.9
7334.8	859.85
6052.9	797.86
5055	714.86
3762	518.87
3148.1	396.87
2426.2	281.88
1919.2	288.88
1543.3	297.89
1210.4	212.89
1008.4	130.89
834.52	189.9
658.58	120.9
710.81	169.74
735.88	213.74
933.95	62.744
1034	114.75
1253.1	163.75
1334.2	151.76
1798.2	154.76
1814.3	267.77
2444.4	313.77
2483.4	363.78
3598.5	435.78
3651.6	469.78
4953.6	618.79
5069.7	722.79
6697.8	903.8
6818.8	1087.8
7682.9	1146.8
8734	1177.8
9431	1249.8
10181	1323.8
10559	1394.8
10951	1443.8
11006	1424.8
11060	1406.8
11052	1311.8
9876.5	1261.8
9620.6	1230.8
8058.7	1023.9
7340.7	907.86
6092.8	791.86
5158.9	675.87
4210.9	574.87
3147	442.88
2723.1	323.88
2032.1	257.88
1732.2	206.89
1343.3	184.89
1072.3	128.9
881.42	159.9
709.49	125.91
574.55	83.911
572.78	83.744
612.85	116.75
831.92	12.752
866.99	27.757
994.06	69.761
1032.1	118.77
1283.2	122.77
1405.3	167.77
1922.3	237.78
2031.4	306.78
2746.5	341.79
2878.5	395.79
3942.6	450.8
3912.7	597.8
4985.7	694.81
5331.8	793.81
6028.9	918.81
6806.9	981.82
7352	964.82
7940.1	924.83
8140.2	1047.8
8343.2	1186.8
8534.3	1189.8
8728.4	1193.8
8464.4	1135.8
7652.5	944.85
7499.6	960.86
6380.6	760.86
5982.7	638.87
4917.8	637.87
4140.8	588.88
3281.9	466.88
2642	347.88
2329	258.89
1652.1	235.89
1432.2	138.9
1109.3	69.901
914.32	69.906
738.39	173.91
591.46	209.91
536.52	131.92
451.75	42.752
497.82	20.756
662.89	45.76
663.96	37.765
723.03	63.769
805.1	108.77
924.16	133.78
1096.2	147.78
1519.3	175.79
1644.4	235.79
2131.4	243.8
2263.5	251.8
2825.6	328.8
2987.6	463.81
3338.7	526.81
3939.8	545.82
4503.8	719.82
5136.9	761.83
5559	716.83
6010.1	725.83
6154.1	776.84
6298.2	828.84
6395.3	875.85
6496.3	904.85
6193.4	887.86
5847.5	738.86
5672.5	711.87
4886.6	562.87
4520.7	466.87
3728.7	479.88
3182.8	492.88
2545.9	398.89
2102.9	277.89
1825	230.9
1404.1	218.9
1224.2	160.91
907.22	90.909
762.29	57.914
612.36	121.92
537.43	202.92
512.49	129.93
354.72	70.76
368.79	26.764
475.86	62.769
501.93	100.77
593	130.78
693.07	97.782
799.13	114.79
914.2	128.79
1253.3	168.79
1252.3	233.8
1684.4	175.8
1798.5	120.81
2058.5	209.81
2361.6	327.82
2661.7	433.82
2944.8	444.83
3370.8	543.83
3845.9	536.83
4191	552.84
4563	716.84
4693.1	636.85
4825.2	558.85
4800.2	536.86
4777.3	547.86
4618.4	583.86
4479.4	620.87
4345.5	563.87
3666.6	476.88
3367.6	446.88
2752.7	373.89
2467.8	357.89
2000.8	314.9
1612.9	211.9
1371	227.9
1177.1	219.91
1081.1	218.91
755.19	190.92
647.26	93.922
520.33	92.926
502.4	65.931
441.46	62.935
306.69	61.768
314.76	27.772
379.83	48.777
442.9	88.781
540.97	92.785
661.04	90.79
727.1	80.794
796.17	50.798
987.24	219.8
1040.3	255.81
1229.4	211.81
1419.4	167.82
1838.5	170.82
2020.6	240.82
2313.7	318.83
2346.7	348.83
2618.8	379.84
2914.9	353.84
3221.9	422.85
3555	596.85
3571.1	575.86
3588.1	549.86
3686.2	401.86
3786.3	464.87
3640.3	539.87
3516.4	512.88
3428.5	475.88
3031.5	467.89
2737.6	464.89
2229.7	236.89
2020.7	228.9
1552.8	218.9
1394.9	93.908
1158	195.91
891.02	202.92
803.09	216.92
622.16	218.93
578.23	208.93
448.3	188.93
400.37	107.94
348.44	86.943
262.66	14.776
310.73	-46.22
360.8	-17.215
390.87	32.789
446.94	65.793
510.01	113.8
554.07	63.802
617.14	35.807
743.21	97.811
821.28	101.82
1005.3	136.82
1108.4	177.82
1459.5	173.83
1505.6	212.83
1829.6	214.84
1790.7	206.84
2017.8	260.85
2314.8	301.85
2469.9	426.85
2632	476.86
2672	441.86
2712.1	459.87
2698.2	421.87
2685.2	432.88
2596.3	374.88
2514.4	318.89
2397.4	303.89
2233.5	333.89
2151.6	360.9
1703.7	225.9
1482.7	221.91
1222.8	221.91
1141.9	146.92
961.93	165.92
773.99	179.92
685.06	135.93
547.13	89.934
496.2	112.94
391.27	116.94
349.34	102.95
335.41	73.951
212.63	-56.216
259.7	-30.212
295.77	40.793
307.84	53.797
332.91	77.801
356.98	49.806
447.04	122.81
479.11	79.815
591.18	29.819
624.25	38.823
763.32	86.828
832.39	121.83
965.46	144.84
987.52	165.84
1192.6	159.85
1270.7	154.85
1523.7	204.85
1647.8	278.86
1769.9	286.86
1897.9	218.87
1961	301.87
2025.1	420.88
1989.1	337.88
1953.2	341.88
1848.3	298.89
1746.3	247.89
1630.4	172.9
1556.5	191.9
1480.6	206.91
1274.6	189.91
1075.7	183.92
925.76	174.92
858.83	172.92
733.9	154.93
660.96	158.93
520.03	97.937
442.1	47.942
383.17	57.946
339.24	75.95
313.31	95.955
306.38	76.959
165.6	-35.208
196.67	49.796
223.74	115.8
254.81	95.805
266.88	45.81
278.95	-22.186
388.01	98.818
405.08	76.823
498.15	58.827
528.22	75.831
572.29	90.836
648.36	86.84
671.43	82.845
727.49	98.849
813.56	124.85
937.63	156.86
1136.7	161.86
1156.8	191.87
1249.8	144.87
1348.9	109.88
1401	204.88
1454	317.88
1458.1	199.89
1463.2	213.89
1380.2	235.9
1300.3	224.9
1224.4	155.91
1119.5	136.91
1018.5	128.91
983.59	126.92
873.66	122.92
707.73	114.93
657.8	134.93
581.87	154.94
531.93	136.94
404	111.95
351.07	92.95
307.14	104.95
276.21	91.959
264.28	68.963
248.35	68.967
145.57	62.8
189.64	61.804
217.71	60.809
254.78	66.813
254.85	-17.182
256.92	-16.178
311.98	-20.174
344.05	21.831
404.12	75.835
487.19	75.839
497.26	95.844
549.33	114.85
591.4	60.853
650.46	68.857
711.53	77.861
775.6	120.87
868.67	115.87
946.74	104.87
968.81	148.88
992.88	199.88
1027.9	157.89
1065	160.89
1060.1	171.9
1056.1	147.9
1043.2	126.91
1030.3	157.91
985.36	184.91
859.42	138.92
816.49	134.92
772.56	118.93
743.63	118.93
592.7	118.94
550.77	126.94
514.84	132.94
439.9	101.95
397.97	91.953
324.04	86.958
291.11	115.96
222.18	71.967
214.25	30.971
208.32	38.975
163.54	66.808
187.61	53.812
213.68	44.817
229.75	51.821
235.82	50.826
274.89	-18.17
274.95	-6.1656
274.02	63.839
316.09	86.843
366.16	85.848
401.23	120.85
443.3	116.86
471.37	99.861
500.43	62.865
557.5	26.869
616.57	89.874
680.64	123.88
749.71	113.88
792.78	95.887
832.85	137.89
857.91	153.9
882.98	177.9
839.05	165.9
796.12	137.91
791.19	129.91
786.26	212.92
740.33	171.92
684.39	131.93
617.46	137.93
558.53	128.94
548.6	122.94
523.67	101.94
428.74	101.95
374.81	71.953
349.87	41.957
336.94	23.961
296.01	83.966
268.08	61.97
213.15	48.975
186.22	49.979
163.29	59.983
106.51	32.816
166.58	57.821
183.65	59.825
210.72	79.829
239.79	60.834
212.86	-4.1619
239.92	-14.158
258.99	8.8468
287.06	8.8512
292.13	103.86
319.2	106.86
343.27	109.86
394.34	102.87
462.4	114.87
459.47	126.88
457.54	134.88
536.61	145.89
606.68	38.891
643.75	56.895
709.82	128.9
680.88	158.9
666.95	122.91
636.02	70.913
606.09	82.917
606.16	98.921
606.23	112.93
604.3	171.93
608.36	145.93
544.43	125.94
450.5	121.94
438.57	118.95
414.64	105.95
351.71	101.96
318.78	86.961
314.84	72.965
255.91	8.9695
243.98	97.974
195.05	150.98
165.12	49.983
183.19	67.987
172.26	70.991
102.48	9.8242
125.55	47.829
167.62	70.833
169.69	87.837
168.76	62.842
145.83	53.846
189.89	12.851
198.96	-36.145
224.03	-72.141
234.1	42.864
263.17	68.868
293.24	38.872
328.31	85.877
382.37	141.88
379.44	204.89
376.51	121.89
438.58	90.894
459.65	19.899
466.72	59.903
495.79	118.91
523.85	127.91
506.92	82.916
495.99	47.921
475.06	71.925
478.13	115.93
481.2	64.934
476.27	108.94
464.33	83.943
418.4	86.947
347.47	108.95
359.54	123.96
353.61	123.96
339.68	120.96
310.75	108.97
270.81	111.97
208.88	69.978
204.95	125.98
169.02	173.99
124.09	69.991
137.16	27.995
150.23	34
133.45	-2.1677
107.52	31.837
152.59	58.841
123.66	63.845
104.73	68.85
134.8	65.854
160.86	48.859
143.93	4.8629
158	-48.133
170.07	-11.128
215.14	59.876
262.21	28.88
270.28	55.885
272.34	110.89
302.41	157.89
333.48	93.898
333.55	18.902
349.62	61.907
344.69	86.911
335.76	86.916
412.82	74.92
422.89	86.924
393.96	104.93
389.03	99.933
385.1	117.94
381.17	86.942
353.24	41.946
334.3	37.951
297.37	89.955
266.44	100.96
284.51	95.964
302.58	103.97
296.65	112.97
264.72	103.98
198.78	114.98
184.85	132.99
172.92	105.99
171.99	78.994
123.06	83.999
85.127	16.003
84.196	15.008
