aonly_AA	aonly_DA	
12.746	32.816
15.734	57.821
17.722	59.825
18.71	79.829
19.698	60.834
22.686	-4.1619
22.674	-14.158
24.662	8.8468
27.65	8.8512
34.638	103.86
35.626	106.86
37.614	109.86
39.602	102.87
41.59	114.87
47.578	126.88
50.566	134.88
52.554	145.89
53.542	38.891
54.53	56.895
62.518	128.9
64.506	158.9
62.494	122.91
60.482	70.913
60.47	82.917
59.458	98.921
58.446	112.93
56.434	171.93
54.422	145.93
53.41	125.94
50.398	121.94
46.386	118.95
39.374	105.95
38.362	101.96
33.35	86.961
28.338	72.965
27.326	8.9695
26.314	97.974
24.302	150.98
19.29	49.983
17.278	67.987
16.266	70.991
16.747	9.8242
17.735	47.829
18.722	70.833
21.71	87.837
21.698	62.842
20.686	53.846
26.674	12.851
29.662	-36.145
32.65	-72.141
38.638	42.864
41.626	68.868
45.614	38.872
50.602	85.877
53.59	141.88
56.578	204.89
60.566	121.89
64.554	90.894
65.542	19.899
65.53	59.903
69.518	118.91
72.506	127.91
73.494	82.916
73.482	47.921
72.47	71.925
71.458	115.93
69.446	64.934
66.434	108.94
62.422	83.943
58.41	86.947
56.398	108.95
53.386	123.96
51.374	123.96
44.362	120.96
40.35	108.97
36.338	111.97
33.326	69.978
29.314	125.98
27.302	173.99
24.29	69.991
20.278	27.995
16.266	34
19.747	-2.1677
20.735	31.837
20.723	58.841
25.711	63.845
24.699	68.85
24.687	65.854
33.675	48.859
36.662	4.8629
40.65	-48.133
43.638	-11.128
49.626	59.876
53.614	28.88
61.602	55.885
67.59	110.89
69.578	157.89
76.566	93.898
79.554	18.902
80.542	61.907
80.53	86.911
82.518	86.916
86.506	74.92
87.494	86.924
89.482	104.93
88.47	99.933
88.458	117.94
83.446	86.942
78.434	41.946
74.422	37.951
70.41	89.955
64.398	100.96
60.386	95.964
58.374	103.97
49.362	112.97
47.35	103.98
45.338	114.98
42.326	132.99
32.314	105.99
30.302	78.994
28.29	83.999
23.278	16.003
19.266	15.008
20.747	-23.16
23.735	40.845
23.723	51.849
28.711	62.853
30.699	43.858
34.687	-0.13777
41.675	28.867
43.663	60.871
48.651	46.875
51.639	31.88
59.627	77.884
63.615	125.89
71.602	12.893
76.59	77.897
82.578	117.9
93.566	161.91
96.554	24.91
97.542	61.915
99.53	99.919
105.52	77.924
110.51	56.928
109.49	84.932
109.48	113.94
108.47	92.941
107.46	40.946
101.45	43.95
96.434	47.954
91.422	92.959
87.41	138.96
80.398	87.967
69.386	40.972
63.374	62.976
58.362	84.981
53.35	111.98
48.338	120.99
48.326	130.99
36.314	48.998
35.302	49.002
30.29	88.007
26.278	94.011
24.266	52.016
24.747	47.848
25.735	98.853
25.723	99.857
32.711	97.862
35.699	43.866
42.687	2.8703
45.675	-16.125
51.663	61.879
56.651	114.88
58.639	71.888
68.627	44.892
78.615	36.897
84.603	-10.099
89.591	-17.095
94.579	68.91
111.57	167.91
115.55	48.918
118.54	92.923
120.53	97.927
133.52	87.932
139.51	94.936
137.49	114.94
136.48	106.94
134.47	87.949
127.46	54.954
121.45	25.958
114.43	25.962
107.42	34.967
101.41	44.971
100.4	52.975
81.386	125.98
75.374	133.98
69.362	141.99
62.35	121.99
54.338	58.997
50.326	87.002
40.314	95.006
37.302	68.011
35.29	99.015
29.278	119.02
26.266	15.024
27.747	62.856
29.735	18.861
31.723	17.865
34.711	37.87
37.699	31.874
50.687	17.878
51.675	-16.117
61.663	11.887
64.651	51.891
72.639	51.896
79.627	51.9
92.615	7.9046
98.603	-15.091
110.59	5.9134
116.58	48.918
133.57	89.922
136.55	54.927
141.54	135.93
146.53	116.94
164.52	107.94
167.51	128.94
164.49	134.95
161.48	114.95
160.47	104.96
157.46	91.962
148.45	71.966
139.43	88.97
127.42	103.97
119.41	24.979
111.4	59.984
98.386	137.99
96.374	130.99
77.362	124
74.35	93.001
58.338	42.005
53.326	74.01
49.314	125.01
48.302	81.019
38.29	56.023
35.278	68.027
27.266	31.032
29.747	8.8645
34.735	-51.131
37.723	-38.127
42.711	-2.1224
44.699	54.882
57.687	65.886
61.675	69.891
71.663	33.895
78.651	16.9
92.639	54.904
100.63	73.908
115.61	39.913
127.6	-1.0829
138.59	66.921
150.58	88.926
172.57	69.93
176.55	86.935
184.54	142.94
193.53	130.94
215.52	110.95
217.51	109.95
212.49	120.96
207.48	126.96
208.47	125.97
211.46	121.97
192.45	121.97
175.43	124.98
170.42	132.98
149.41	64.987
133.4	83.992
122.39	79.996
119.37	79
91.362	80.005
89.35	65.009
71.338	54.013
68.326	94.018
58.314	99.022
55.302	64.027
44.29	37.031
44.278	47.035
30.266	59.04
36.747	-4.1275
41.735	-3.1231
47.723	18.881
53.711	32.886
59.699	71.89
65.687	89.894
75.675	119.9
88.663	87.903
102.65	55.908
116.64	70.912
132.63	64.916
149.61	65.921
167.6	32.925
184.59	71.93
204.58	109.93
232.57	136.94
243.55	143.94
253.54	131.95
263.53	129.95
286.52	110.96
298.51	88.96
291.49	107.96
283.48	128.97
281.47	112.97
280.46	102.98
256.45	92.982
234.43	88.986
235.42	76.991
193.41	98.995
171.4	108
154.39	81.004
146.37	87.008
118.36	89.013
113.35	70.017
90.338	57.022
86.326	77.026
63.314	45.03
57.302	18.035
50.29	43.039
46.278	64.043
37.266	53.048
47.747	48.881
50.735	53.885
60.723	62.889
64.711	38.894
75.699	16.898
80.687	28.903
94.675	39.907
114.66	30.911
130.65	21.916
143.64	7.92
173.63	44.924
196.61	83.929
214.6	82.933
251.59	88.938
277.58	53.942
311.57	157.95
330.55	154.95
341.54	154.96
354.53	144.96
376.52	133.96
403.51	126.97
396.49	129.97
389.48	132.98
377.47	73.981
366.46	46.986
342.45	25.99
319.43	97.995
312.42	126
253.41	142
230.4	158.01
199.39	148.01
187.37	141.02
151.36	109.02
146.35	75.025
107.34	71.03
100.33	12.034
72.315	3.0384
63.303	-34.957
54.291	-6.9529
49.278	23.052
42.266	52.056
56.747	10.889
59.735	52.893
69.723	53.897
78.711	44.902
89.699	33.906
100.69	32.911
120.67	49.915
137.66	23.919
155.65	-1.0763
175.64	44.928
213.63	59.932
247.61	69.937
274.6	83.941
311.59	75.946
345.58	53.95
396.57	127.95
417.55	169.96
437.54	171.96
459.53	175.97
483.52	200.97
509.51	227.98
508.49	164.98
506.48	104.99
493.47	143.99
481.46	192.99
444.45	103
410.43	126
396.42	132.01
321.41	165.01
320.4	198.02
248.39	183.02
232.37	142.02
180.36	99.029
173.35	52.033
127.34	42.038
116.33	37.042
86.315	53.046
80.303	3.0508
63.291	2.0552
62.279	-0.94042
46.267	24.064
67.747	38.897
75.735	98.901
85.723	52.905
96.711	11.91
111.7	25.914
124.69	53.919
145.67	101.92
173.66	85.927
204.65	65.932
232.64	78.936
264.63	80.941
321.61	100.94
356.6	131.95
404.59	126.95
455.58	126.96
526.57	133.96
554.55	134.97
611.54	147.97
617.53	166.98
655.52	228.98
696.51	283.98
686.49	250.99
677.48	223.99
655.47	239
635.46	245
584.45	184.01
537.43	166.01
529.42	163.02
419.41	176.02
370.4	185.02
317.39	169.03
294.37	124.03
225.36	60.037
212.35	66.041
159.34	84.046
146.33	64.05
101.31	31.054
98.303	22.059
75.291	25.063
69.279	25.068
55.267	44.072
81.747	86.905
92.735	119.91
107.72	58.914
122.71	0.91791
140.7	32.922
160.69	85.927
185.68	116.93
226.66	110.94
272.65	126.94
306.64	93.944
360.63	123.95
436.61	162.95
489.6	213.96
557.59	238.96
638.58	260.97
731.57	215.97
781.55	228.97
835.54	248.98
851.53	269.98
915.52	283.99
983.51	325.99
966.49	355
950.48	369
916.47	310.01
884.46	267.01
811.45	287.01
743.43	236.02
733.42	202.02
575.41	185.03
527.4	192.03
422.39	207.04
392.37	158.04
287.36	112.05
270.35	124.05
200.34	137.05
183.33	81.058
126.31	42.063
118.3	40.067
88.291	34.071
80.279	58.076
64.267	69.08
104.75	69.913
115.74	62.917
132.72	52.922
156.71	42.926
177.7	79.93
201.69	120.93
244.68	101.94
292.66	87.943
351.65	105.95
394.64	110.95
490.63	180.96
578.62	196.96
663.6	244.97
753.59	293.97
866.58	350.97
1000.6	313.98
1074.6	460.98
1127.5	475.99
1170.5	491.99
1253.5	421
1351.5	432
1333.5	449
1317.5	427.01
1273.5	403.01
1231.5	421.02
1125.4	438.02
1027.4	345.03
994.42	254.03
788.41	228.04
794.4	269.04
565.39	313.04
524.37	229.05
373.36	232.05
350.35	178.06
247.34	139.06
221.33	99.066
156.31	139.07
144.3	89.075
106.29	41.079
98.279	51.084
72.267	56.088
130.75	70.921
144.74	32.925
161.72	54.93
192.71	76.934
222.7	84.938
245.69	125.94
308.68	140.95
361.66	163.95
441.65	111.96
501.64	91.96
610.63	210.96
724.62	211.97
844.6	213.97
949.59	235.98
1088.6	307.98
1287.6	371.99
1375.6	516.99
1519.5	525
1547.5	533
1660.5	529
1760.5	535.01
1735.5	577.01
1710.5	608.02
1659.5	558.02
1609.5	520.03
1466.4	496.03
1335.4	464.03
1280.4	396.04
1021.4	335.04
1002.4	339.05
727.39	347.05
666.37	246.06
483.36	234.06
443.35	210.07
306.34	188.07
268.33	78.074
186.31	123.08
178.3	95.083
130.29	70.087
117.28	39.092
85.267	61.096
146.75	80.929
169.74	55.933
193.72	55.938
223.71	56.942
267.7	90.946
296.69	100.95
363.68	178.96
426.66	200.96
535.65	178.96
609.64	166.97
740.63	154.97
879.62	298.98
1026.6	374.98
1149.6	462.99
1324.6	472.99
1550.6	508.99
1691.6	593
1859.5	632
1898.5	683.01
2125.5	712.01
2154.5	713.02
2121.5	709.02
2088.5	776.03
2027.5	800.03
1968.5	757.03
1794.4	684.04
1635.4	553.04
1577.4	470.05
1241.4	459.05
1223.4	431.06
888.39	355.06
803.37	242.06
582.36	255.07
526.35	202.07
371.34	141.08
322.33	103.08
224.31	102.09
206.3	84.091
147.29	47.095
134.28	-2.9001
100.27	14.104
173.75	46.937
200.74	63.941
239.72	73.946
275.71	85.95
317.7	132.95
355.69	147.96
444.68	200.96
529.66	216.97
645.65	238.97
751.64	267.98
920.63	233.98
1090.6	375.99
1281.6	458.99
1424.6	555.99
1659.6	655
1931.6	667
2119.6	705.01
2302.5	782.01
2414.5	833.02
2687.5	861.02
2724.5	986.02
2689.5	946.03
2654.5	968.03
2572.5	1016
2493.5	1006
2243.4	889.05
2069.4	791.05
1984.4	758.06
1578.4	635.06
1523.4	502.06
1119.4	391.07
1000.4	298.07
716.36	315.08
642.35	201.08
448.34	139.09
393.33	113.09
265.31	154.09
244.3	127.1
173.29	78.104
154.28	53.108
110.27	61.112
213.75	10.945
241.74	55.949
283.72	103.95
335.71	152.96
381.7	172.96
429.69	202.97
534.68	185.97
645.66	208.98
789.65	231.98
926.64	341.98
1140.6	382.99
1351.6	401.99
1589.6	506
1761.6	579
2088.6	759.01
2385.6	854.01
2652.6	897.02
2873.5	967.02
3052.5	997.02
3362.5	1036
3438.5	1223
3407.5	1156
3375.5	1077
3261.5	1090
3152.5	1117.1
2997.4	988.05
2630.4	990.06
2484.4	967.06
1988.4	715.07
1893.4	561.07
1397.4	507.08
1246.4	424.08
883.36	332.09
792.35	189.09
550.34	135.09
472.33	121.1
318.31	176.1
288.3	133.11
210.29	113.11
180.28	127.12
130.27	122.12
255.75	48.953
284.74	87.957
327.72	131.96
383.71	168.97
451.7	170.97
508.69	172.98
623.68	160.98
752.66	196.98
960.65	234.99
1096.6	401.99
1363.6	421
1615.6	459
1897.6	715.01
2107.6	843.01
2518.6	899.01
2835.6	1087
3203.6	1122
3479.5	1158
3686.5	1226
4061.5	1314
4157.5	1349
4133.5	1230
4109.5	1117
3958.5	1152.1
3814.5	1187.1
3839.4	1078.1
3200.4	966.07
3016.4	815.07
2399.4	682.08
2274.4	661.08
1680.4	624.08
1496.4	511.09
1068.4	297.09
946.35	182.1
659.34	66.102
551.33	154.11
378.32	104.11
332.3	61.115
242.29	77.12
211.28	91.124
156.27	72.128
285.75	205.96
317.74	167.97
377.72	186.97
420.71	183.97
504.7	174.98
567.69	181.98
711.68	190.99
849.66	278.99
1101.7	413
1225.6	452
1548.6	641
1829.6	667.01
2156.6	829.01
2404.6	884.02
2854.6	1029
3231.6	1270
3653.6	1276
3951.5	1305
4218.5	1390
4599.5	1482
4748.5	1591
4731.5	1541.1
4717.5	1486.1
4537.5	1446.1
4364.5	1408.1
4308.4	1368.1
3656.4	1212.1
3489.4	1055.1
2766.4	851.08
2590.4	876.09
1936.4	553.09
1703.4	491.1
1238.4	404.1
1069.4	358.11
736.34	90.11
625.33	116.11
430.32	107.12
374.3	93.123
264.29	103.13
233.28	79.132
171.27	75.136
319.75	239.97
345.74	196.97
406.72	171.98
461.71	166.98
561.7	164.99
625.69	228.99
786.68	276
942.66	341
1213.7	430
1352.6	438.01
1717.6	633.01
2018.6	806.02
2384.6	885.02
2683.6	1007
3171.6	1207
3611.6	1342
4073.6	1373
4379.5	1475
4721.5	1582
5122.5	1693.1
5299.5	1752.1
5274.5	1775.1
5250.5	1857.1
5062.5	1740.1
4881.5	1665.1
4798.4	1606.1
4094.4	1441.1
3884.4	1310.1
3092.4	1136.1
2898.4	934.1
2171.4	763.1
1907.4	546.11
1380.4	420.11
1190.4	393.11
816.34	247.12
694.33	194.12
476.32	193.13
418.3	195.13
292.29	101.14
253.28	77.14
187.27	62.145
344.75	161.98
379.74	186.98
454.72	193.99
508.71	162.99
625.7	141.99
687.69	277
875.68	358
1047.7	419.01
1335.7	407.01
1518.6	408.02
1918.6	588.02
2249.6	809.03
2687.6	830.03
2994.6	1024
3558.6	1309
4019.6	1463
4572.6	1514
4898.5	1699.1
5336.5	1827.1
5706.5	1941.1
5944.5	2002.1
5933.5	2024.1
5921.5	2109.1
5674.5	2049.1
5498.5	1850.1
5371.4	1753.1
4623.4	1623.1
4368.4	1500.1
3502.4	1320.1
3250.4	978.1
2445.4	939.11
2152.4	713.11
1556.4	464.12
1342.4	420.12
927.34	415.13
771.33	286.13
532.32	264.14
462.3	215.14
329.29	105.14
281.28	83.148
204.27	80.153
373.75	103.99
412.74	135.99
498.72	191.99
552.71	175
683.7	140
749.69	308.01
958.68	385.01
1142.7	470.02
1472.7	430.02
1674.6	481.02
2109.6	677.03
2462.6	843.03
2969.6	852.04
3289.6	996.04
3916.6	1296
4415.6	1564.1
5053.6	1726.1
5409.5	1914.1
5931.5	2018.1
6269.5	2157.1
6529.5	2276.1
6547.5	2273.1
6566.5	2270.1
6438.5	2257.1
6087.5	1968.1
5934.4	1862.1
5132.4	1745.1
4864.4	1552.1
3894.4	1351.1
3597.4	1125.1
2711.4	879.12
2384.4	824.12
1722.4	530.13
1472.4	449.13
1025.3	374.13
853.33	252.14
587.32	217.14
503.3	147.15
359.29	134.15
309.28	100.16
224.27	113.16
404.75	83.993
437.74	52.998
525.72	82.002
589.71	167.01
727.7	174.01
802.69	339.02
1025.7	379.02
1215.7	421.02
1593.7	397.03
1784.6	636.03
2261.6	738.04
2625.6	965.04
3163.6	1049
3525.6	1131.1
4186.6	1287.1
4734.6	1458.1
5415.6	1859.1
5808.5	2003.1
6373.5	2042.1
6732.5	2266.1
6996.5	2288.1
7022.5	2322.1
7049.5	2361.1
7019.5	2213.1
6544.5	2067.1
6378.4	1907.1
5530.4	1756.1
5231.4	1469.1
4186.4	1396.1
3868.4	1208.1
2921.4	896.12
2556.4	784.13
1840.4	486.13
1566.4	352.14
1090.3	232.14
922.33	183.15
632.32	138.15
539.3	137.16
378.29	151.16
329.28	127.16
244.27	105.17
414.75	134
451.74	129.01
547.72	247.01
617.71	258.01
753.7	250.02
836.69	294.02
1071.7	314.03
1260.7	336.03
1648.7	521.04
1859.6	677.04
2360.6	772.05
2742.6	919.05
3296.6	1166.1
3664.6	1326.1
4378.6	1566.1
4896.6	1578.1
5622.6	1810.1
6046.5	1999.1
6629.5	2036.1
7016.5	2352.1
7348.5	2384.1
7358.5	2504.1
7369.5	2418.1
7090.5	2283.1
6825.5	2075.1
6634.4	1875.1
5788.4	1690.1
5403.4	1453.1
4378.4	1321.1
4002.4	1210.1
3048.4	997.13
2661.4	862.14
1908.4	578.14
1643.4	507.15
1141.3	298.15
958.33	248.15
664.32	163.16
561.3	155.16
393.29	164.17
338.28	149.17
253.27	114.18
424.75	171.01
472.74	181.01
567.72	300.02
631.71	302.02
784.7	300.03
865.69	284.03
1104.7	382.04
1312.7	477.04
1707.7	596.04
1942.6	609.05
2448.6	740.05
2840.6	1051.1
3407.6	1154.1
3812.6	1375.1
4559.6	1585.1
5083.6	1708.1
5834.6	1866.1
6281.5	1914.1
6888.5	2111.1
7272.5	2281.1
7581.5	2471.1
7607.5	2487.1
7631.5	2434.1
7551.5	2407.1
7080.5	2326.1
6921.4	2005.1
6014.4	1727.1
5656.4	1586.1
4558.4	1280.1
4118.4	1160.1
3164.4	995.14
2768.4	926.15
1983.4	798.15
1689.4	540.15
1186.3	331.16
996.33	283.16
689.32	215.17
585.3	188.17
406.29	157.18
350.28	180.18
265.27	191.18
440.75	173.02
485.74	176.02
578.72	230.03
659.71	252.03
803.7	257.04
901.69	283.04
1143.7	387.04
1350.7	507.05
1783.7	554.05
2005.6	641.06
2536.6	766.06
2923.6	1117.1
3530.6	1215.1
3968.6	1367.1
4694.6	1512.1
5250.6	1723.1
6060.6	1867.1
6456.5	2002.1
7134.5	2404.1
7500.5	2339.1
7803.5	2459.1
7851.5	2565.1
7900.5	2527.1
7927.5	2496.1
7330.5	2490.1
6988.4	2199.1
6194.4	1866.1
5837.4	1762.1
4729.4	1408.1
4241.4	1161.1
3264.4	1040.1
2879.4	916.15
2072.4	760.16
1750.4	433.16
1229.3	273.17
1025.3	264.17
706.32	253.18
602.3	166.18
433.29	95.184
370.28	138.19
276.27	186.19
449.75	163.03
497.74	178.03
584.72	224.03
678.71	218.04
817.7	214.04
927.69	275.05
1177.7	303.05
1385.7	365.06
1827.7	532.06
2040.6	746.07
2602.6	879.07
2996.6	984.07
3627.6	1345.1
4069.6	1413.1
4798.6	1609.1
5369.6	1711.1
6199.6	1842.1
6581.5	2184.1
7292.5	2596.1
7657.5	2539.1
7998.5	2445.1
8056.5	2755.1
8112.5	2640.1
8106.5	2524.1
7496.5	2342.1
7090.4	2229.1
6325.4	1984.1
5973.4	1794.1
4840.4	1548.1
4355.4	1250.2
3329.4	1166.2
2935.4	905.16
2130.4	588.17
1797.4	416.17
1257.3	256.17
1042.3	259.18
719.32	277.18
617.3	171.19
452.29	32.192
380.28	71.197
285.27	108.2
451.75	138.03
508.74	189.04
595.72	245.04
678.71	254.05
833.7	263.05
936.69	310.06
1196.7	396.06
1412.7	491.06
1831.7	595.07
2071.6	671.07
2637.6	942.08
3044.6	966.08
3681.6	1271.1
4112.6	1380.1
4887.6	1629.1
5444.6	1782.1
6244.6	2095.1
6691.5	2116.1
7381.5	2328.1
7741.5	2515.1
8115.5	2558.1
8162.5	2590.1
8213.5	2587.1
8134.5	2555.1
7576.5	2251.1
7327.4	2146.1
6425.4	2063.1
6086.4	1725.2
4886.4	1476.2
4420.4	1346.2
3372.4	1137.2
2949.4	957.17
2152.4	743.17
1806.4	511.18
1267.3	340.18
1056.3	270.19
736.32	306.19
632.3	331.2
452.29	36.2
378.28	93.205
289.27	144.21
461.75	191.04
504.74	186.05
610.72	185.05
687.71	257.05
839.7	253.06
943.69	259.06
1205.7	325.07
1403.7	396.07
1845.7	530.08
2101.6	727.08
2651.6	813.09
3044.6	1045.1
3725.6	1263.1
4155.6	1448.1
4918.6	1542.1
5467.6	1656.1
6294.6	2020.1
6765.5	2193.1
7459.5	2407.1
7770.5	2525.1
8138.5	2551.1
8190.5	2536.1
8242.5	2553.1
7953.5	2553.1
7634.5	2414.1
7366.4	2368.2
6478.4	1942.2
6080.4	1725.2
4904.4	1627.2
4421.4	1354.2
3405.4	1044.2
2984.4	867.18
2180.4	572.18
1809.4	495.19
1268.3	455.19
1066.3	414.2
746.32	370.2
638.3	335.2
452.29	149.21
384.28	74.213
285.27	108.22
456.75	193.05
511.74	199.05
613.72	172.06
695.71	213.06
852.7	245.07
951.69	268.07
1217.7	359.08
1406.7	458.08
1877.7	526.08
2117.6	678.09
2659.6	734.09
3066.6	1070.1
3742.6	1192.1
4164.6	1406.1
4940.6	1510.1
5489.6	1793.1
6355.6	1976.1
6811.5	2111.1
7496.5	2410.1
7836.5	2538.1
8177.5	2562.1
8213.5	2607.1
8249.5	2560.1
7906.5	2559.2
7693.5	2605.2
7411.4	2495.2
6518.4	2062.2
6112.4	1936.2
4959.4	1500.2
4419.4	1228.2
3436.4	1020.2
3023.4	843.19
2199.4	548.19
1823.4	511.19
1295.3	394.2
1064.3	415.2
753.32	350.21
641.3	275.21
460.29	238.22
396.28	127.22
294.27	135.23
460.75	160.06
514.74	195.06
609.72	216.07
700.71	213.07
861.7	274.08
957.69	324.08
1222.7	471.08
1436.7	582.09
1877.7	578.09
2119.6	602.1
2677.6	786.1
3101.6	984.11
3739.6	1211.1
4173.6	1379.1
4972.6	1654.1
5517.6	1935.1
6370.6	1982.1
6839.5	2142.1
7509.5	2376.1
7878.5	2559.1
8230.5	2644.1
8277.5	2685.1
8322.5	2621.2
8149.5	2570.2
7702.5	2464.2
7451.4	2346.2
6522.4	2165.2
6131.4	2018.2
4968.4	1384.2
4435.4	1208.2
3444.4	966.19
3013.4	866.19
2196.4	739.2
1833.4	588.2
1300.3	310.21
1069.3	326.21
763.32	259.22
638.3	239.22
468.29	240.22
395.28	182.23
298.27	149.23
467.75	165.07
515.74	189.07
609.72	248.07
698.71	277.08
861.7	302.08
962.69	352.09
1221.7	479.09
1458.7	517.1
1862.7	580.1
2129.6	638.11
2686.6	817.11
3123.6	940.11
3737.6	1343.1
4180.6	1441.1
4990.6	1788.1
5542.6	1801.1
6371.6	1932.1
6849.5	2380.1
7523.5	2448.1
7876.5	2560.1
8236.5	2684.2
8306.5	2679.2
8377.5	2672.2
8362.5	2563.2
7691.5	2242.2
7447.4	2214.2
6514.4	1982.2
6120.4	1831.2
4964.4	1572.2
4455.4	1368.2
3437.4	876.2
2998.4	847.2
2195.4	812.21
1831.4	613.21
1297.3	371.21
1082.3	344.22
768.32	231.22
637.3	223.23
473.29	225.23
394.28	160.24
297.27	93.241
468.75	144.07
521.74	291.08
612.72	300.08
695.71	303.09
860.7	286.09
966.69	453.1
1223.7	463.1
1448.7	473.1
1868.7	593.11
2143.6	641.11
2685.6	741.12
3122.6	1059.1
3745.6	1288.1
4170.6	1291.1
4982.6	1638.1
5550.6	1909.1
6401.6	2021.1
6849.5	2267.1
7532.5	2358.2
7869.5	2474.2
8197.5	2599.2
8265.5	2707.2
8334.5	2656.2
8303.5	2558.2
7711.5	2445.2
7407.4	2257.2
6516.4	1981.2
6101.4	1829.2
4994.4	1610.2
4453.4	1456.2
3436.4	991.21
3018.4	893.21
2205.4	658.21
1830.4	533.22
1313.3	410.22
1091.3	361.23
764.32	319.23
641.3	189.24
480.29	188.24
407.28	175.24
303.27	128.25
482.75	158.08
521.74	218.09
615.72	228.09
705.71	250.1
858.7	269.1
970.69	370.1
1228.7	436.11
1439.7	430.11
1883.7	450.12
2126.6	718.12
2713.6	746.13
3106.6	973.13
3746.6	1196.1
4166.6	1350.1
4987.6	1636.1
5544.6	1922.1
6410.6	2002.2
6855.5	2076.2
7533.5	2314.2
7896.5	2452.2
8207.5	2469.2
8255.5	2524.2
8305.5	2514.2
8289.5	2480.2
7737.5	2390.2
7417.4	2260.2
6491.4	2126.2
6085.4	1871.2
4995.4	1581.2
4439.4	1475.2
3443.4	1253.2
3012.4	996.22
2201.4	624.22
1836.4	569.23
1309.3	464.23
1100.3	362.24
764.32	307.24
639.3	208.24
476.29	169.25
408.28	144.25
311.27	142.26
475.75	176.09
531.74	164.09
616.72	190.1
706.71	187.1
852.7	250.11
964.69	281.11
1227.7	425.12
1437.7	432.12
1881.7	499.13
2132.6	768.13
2717.6	774.13
3106.6	947.14
3758.6	1279.1
4191.6	1494.1
4980.6	1603.2
5570.6	1792.2
6407.6	1908.2
6865.5	2115.2
7529.5	2364.2
7869.5	2544.2
8204.5	2578.2
8254.5	2501.2
8303.5	2450.2
8258.5	2466.2
7726.5	2414.2
7400.4	2222.2
6514.4	2063.2
6078.4	1838.2
4975.4	1636.2
4417.4	1502.2
3442.4	1289.2
3008.4	999.23
2218.4	640.23
1829.4	565.23
1313.3	488.24
1104.3	380.24
771.32	329.25
649.3	218.25
479.29	197.26
409.28	185.26
310.27	139.27
470.75	176.1
535.74	205.1
618.72	222.11
702.71	195.11
861.7	233.12
962.69	298.12
1225.7	400.12
1453.7	442.13
1879.7	608.13
2144.6	712.14
2713.6	855.14
3128.6	1027.1
3751.6	1346.2
4220.6	1488.2
4967.6	1576.2
5551.6	1757.2
6415.6	2002.2
6844.5	2299.2
7525.5	2448.2
7833.5	2588.2
8211.5	2677.2
8257.5	2575.2
8300.5	2483.2
8242.5	2498.2
7689.5	2520.2
7405.4	2277.2
6529.4	1937.2
6113.4	1839.2
4979.4	1674.2
4420.4	1487.2
3451.4	1074.2
3017.4	919.23
2244.4	661.24
1841.4	563.24
1322.3	423.25
1103.3	358.25
777.32	343.26
657.3	212.26
481.29	226.26
412.28	237.27
306.27	149.27
477.75	175.11
533.74	215.11
627.72	215.11
709.71	230.12
879.7	234.12
973.69	334.13
1228.7	357.13
1460.7	418.14
1885.7	484.14
2150.6	641.15
2717.6	1003.1
3138.6	1017.2
3741.6	1186.2
4209.6	1398.2
4958.6	1672.2
5511.6	1894.2
6408.6	2239.2
6813.5	2291.2
7505.5	2459.2
7825.5	2496.2
8204.5	2487.2
8245.5	2480.2
8287.5	2482.2
8252.5	2483.2
7674.5	2457.2
7420.4	2435.2
6525.4	2070.2
6137.4	1965.2
5003.4	1569.2
4448.4	1383.2
3469.4	990.24
3036.4	908.24
2251.4	685.25
1857.4	650.25
1332.3	340.26
1109.3	294.26
781.32	248.26
659.3	229.27
484.29	207.27
419.28	180.28
307.27	167.28
480.75	206.11
536.74	216.12
634.72	199.12
725.71	187.13
884.7	306.13
987.69	431.14
1234.7	413.14
1447.7	413.14
1890.7	608.15
2160.6	660.15
2718.6	982.16
3121.6	1034.2
3753.6	1159.2
4179.6	1523.2
4952.6	1611.2
5516.6	1868.2
6370.6	1978.2
6810.5	2124.2
7482.5	2298.2
7819.5	2439.2
8159.5	2468.2
8217.5	2612.2
8277.5	2615.2
8259.5	2592.2
7695.5	2563.2
7400.4	2502.2
6538.4	2203.2
6110.4	1931.2
5006.4	1587.2
4472.4	1371.2
3479.4	1189.2
3046.4	943.25
2245.4	539.25
1849.4	492.26
1343.3	448.26
1120.3	451.27
788.32	221.27
665.3	221.28
492.29	175.28
426.28	139.29
311.27	148.29
485.75	161.12
542.74	188.13
621.72	165.13
720.71	135.14
873.7	253.14
988.69	353.14
1249.7	429.15
1456.7	466.15
1894.7	604.16
2167.6	624.16
2712.6	987.17
3106.6	1103.2
3733.6	1188.2
4185.6	1408.2
4940.6	1656.2
5494.6	1758.2
6382.6	2016.2
6828.5	2097.2
7541.5	2235.2
7788.5	2460.2
8145.5	2537.2
8197.5	2627.2
8248.5	2636.2
8204.5	2595.2
7708.5	2558.2
7390.4	2325.2
6512.4	2048.2
6114.4	1818.2
5016.4	1629.2
4468.4	1396.2
3484.4	1087.3
3020.4	939.26
2263.4	641.26
1858.4	494.27
1350.3	422.27
1116.3	380.28
794.32	210.28
668.3	193.28
501.29	207.29
421.28	152.29
309.27	117.3
483.75	166.13
543.74	181.13
625.72	151.14
725.71	154.14
871.7	225.15
984.69	302.15
1243.7	389.16
1460.7	446.16
1897.7	533.17
2154.6	619.17
2702.6	875.17
3123.6	985.18
3721.6	1226.2
4174.6	1343.2
4946.6	1662.2
5490.6	1804.2
6357.6	2073.2
6808.5	2099.2
7505.5	2227.2
7781.5	2432.2
8124.5	2516.2
8188.5	2504.2
8254.5	2519.2
8211.5	2493.2
7658.5	2467.2
7382.4	2175.2
6516.4	1965.2
6120.4	1810.2
5015.4	1653.3
4484.4	1345.3
3484.4	941.26
3040.4	874.27
2265.4	740.27
1868.4	558.27
1359.3	368.28
1114.3	293.28
797.32	278.29
670.3	258.29
505.29	265.3
419.28	214.3
316.27	151.31
483.75	200.14
542.74	189.14
639.72	199.15
735.71	227.15
873.7	272.16
991.69	365.16
1233.7	387.16
1461.7	435.17
1900.7	574.17
2143.6	692.18
2694.6	743.18
3138.6	849.19
3719.6	1247.2
4140.6	1421.2
4922.6	1616.2
5488.6	1972.2
6303.6	1962.2
6762.5	2093.2
7434.5	2228.2
7748.5	2357.2
8106.5	2427.2
8168.5	2453.2
8248.5	2467.2
8086.5	2433.2
7673.5	2398.2
7387.4	2197.2
6552.4	2086.3
6134.4	1890.3
5041.4	1602.3
4493.4	1286.3
3510.4	1063.3
3090.4	845.27
2278.4	703.28
1895.4	534.28
1373.3	435.29
1125.3	371.29
802.32	351.3
678.3	338.3
504.29	276.3
425.28	225.31
323.27	207.31
486.75	119.15
538.74	165.15
640.72	284.16
734.71	264.16
874.7	244.16
998.69	359.17
1238.7	451.17
1461.7	599.18
1896.7	674.18
2140.6	748.19
2691.6	787.19
3114.6	971.19
3718.6	1276.2
4124.6	1346.2
4873.6	1686.2
5471.6	1989.2
6269.6	2006.2
6732.5	2221.2
7412.5	2297.2
7688.5	2377.2
8091.5	2452.2
8164.5	2534.2
8207.5	2551.2
7971.5	2445.2
7723.5	2343.3
7396.4	2204.3
6578.4	2078.3
6160.4	1886.3
5086.4	1499.3
4504.4	1358.3
3548.4	1262.3
3104.4	898.28
2305.4	806.29
1920.4	512.29
1387.3	525.3
1147.3	419.3
809.32	314.3
686.3	274.31
510.29	261.31
427.28	159.32
323.27	183.32
486.75	179.15
531.74	235.16
633.72	219.16
725.71	229.17
884.7	247.17
987.69	367.18
1238.7	422.18
1456.7	494.19
1880.7	608.19
2129.6	788.19
2692.6	799.2
3079.6	888.2
3712.6	1310.2
4137.6	1327.2
4853.6	1607.2
5454.6	1788.2
6265.6	2108.2
6715.5	2303.2
7388.5	2310.2
7664.5	2341.2
8058.5	2546.2
8207.5	2568.2
8178.5	2569.3
8135.5	2438.3
7664.5	2327.3
7401.4	2234.3
6584.4	2088.3
6188.4	1972.3
5095.4	1589.3
4545.4	1549.3
3558.4	1152.3
3083.4	957.29
2315.4	741.29
1915.4	583.3
1394.3	499.3
1164.3	294.31
815.32	274.31
685.3	245.32
525.29	234.32
423.28	189.33
328.27	190.33
486.75	145.16
540.74	266.17
640.72	204.17
726.71	205.18
884.7	280.18
988.69	338.18
1220.7	378.19
1455.7	419.19
1872.7	616.2
2122.6	727.2
2675.6	906.21
3063.6	919.21
3671.6	1162.2
4107.6	1519.2
4844.6	1704.2
5396.6	1766.2
6224.6	2135.2
6671.5	2230.2
7310.5	2389.2
7641.5	2438.2
8008.5	2556.3
8092.5	2531.3
8148.5	2526.3
8144.5	2508.3
7662.5	2457.3
7415.4	2311.3
6588.4	2115.3
6170.4	1907.3
5092.4	1666.3
4545.4	1545.3
3586.4	1181.3
3115.4	1050.3
2328.4	686.3
1925.4	629.31
1411.3	416.31
1168.3	281.32
826.32	263.32
689.3	280.32
519.29	248.33
436.28	224.33
327.27	181.34
480.75	105.17
540.74	207.17
630.73	203.18
725.71	196.18
873.7	260.19
986.69	342.19
1215.7	385.2
1446.7	460.2
1862.7	609.21
2116.6	613.21
2657.6	866.21
3045.6	930.22
3645.6	1084.2
4091.6	1491.2
4813.6	1653.2
5356.6	1825.2
6160.6	2008.2
6609.5	2092.2
7282.5	2331.2
7589.5	2439.3
7939.5	2422.3
8062.5	2495.3
8116.5	2583.3
8119.5	2586.3
7676.5	2470.3
7400.4	2352.3
6580.4	2166.3
6180.4	1895.3
5102.4	1637.3
4553.4	1399.3
3598.4	1244.3
3165.4	1065.3
2347.4	668.31
1939.4	631.32
1428.3	421.32
1174.3	388.32
836.32	328.33
696.3	279.33
516.29	245.34
446.28	215.34
330.27	165.35
482.75	164.18
532.74	163.18
620.73	167.19
720.71	188.19
865.7	202.2
977.69	379.2
1206.7	416.2
1428.7	524.21
1853.7	550.21
2107.6	593.22
2631.6	702.22
3022.6	861.23
3632.6	1186.2
4053.6	1247.2
4756.6	1428.2
5329.6	1806.2
6113.6	1896.2
6555.5	2080.3
7241.5	2181.3
7533.5	2296.3
7901.5	2351.3
8093.5	2509.3
8083.5	2679.3
8085.5	2587.3
7660.5	2327.3
7375.4	2320.3
6580.4	2155.3
6211.4	1988.3
5140.4	1578.3
4580.4	1366.3
3611.4	1156.3
3186.4	995.31
2367.4	661.32
1949.4	647.32
1436.3	500.33
1182.3	420.33
841.32	370.34
703.3	224.34
522.29	210.35
443.28	196.35
337.27	180.35
488.75	182.19
529.74	193.19
622.73	212.2
715.71	219.2
863.7	225.2
965.69	342.21
1184.7	408.21
1412.7	580.22
1846.7	639.22
2092.6	713.23
2599.6	753.23
2998.6	985.23
3600.6	1192.2
3991.6	1382.2
4704.6	1543.2
5291.6	1943.3
6090.6	1928.3
6514.5	2206.3
7160.5	2289.3
7486.5	2341.3
7882.5	2498.3
8061.5	2505.3
8048.5	2554.3
8035.5	2582.3
7628.5	2375.3
7364.4	2294.3
6583.4	1995.3
6213.4	1848.3
5172.4	1535.3
4600.4	1409.3
3641.4	1148.3
3188.4	967.32
2389.4	719.33
1958.4	680.33
1444.3	503.34
1189.3	351.34
847.32	262.34
707.3	239.35
527.29	228.35
442.28	210.36
340.27	234.36
481.75	143.19
526.74	161.2
614.73	251.2
712.71	220.21
855.7	189.21
954.69	336.22
1184.7	371.22
1403.7	541.23
1833.7	676.23
2070.6	709.23
2584.6	806.24
2974.6	1011.2
3559.6	1298.2
3983.6	1355.3
4675.6	1554.3
5260.6	1692.3
6057.6	2015.3
6478.5	2099.3
7156.5	2193.3
7417.5	2268.3
7811.5	2452.3
8019.5	2577.3
8011.5	2525.3
8004.5	2411.3
7631.5	2347.3
7343.4	2192.3
6559.4	2091.3
6203.4	1899.3
5166.4	1545.3
4609.4	1325.3
3658.4	1182.3
3209.4	1036.3
2417.4	636.34
1970.4	580.34
1456.3	482.34
1201.3	333.35
855.32	290.35
710.3	266.36
527.29	262.36
450.28	175.37
331.27	201.37
469.75	190.2
521.74	196.21
601.73	254.21
696.71	226.22
844.7	195.22
948.69	254.22
1176.7	416.23
1390.7	488.23
1801.7	578.24
2043.6	627.24
2560.6	873.25
2939.6	1003.3
3514.6	1204.3
3962.6	1260.3
4659.6	1453.3
5243.6	1533.3
6005.6	1869.3
6405.5	2053.3
7085.5	2179.3
7388.5	2357.3
7758.5	2435.3
7998.5	2516.3
7987.5	2440.3
8002.5	2297.3
7612.5	2274.3
7318.4	2191.3
6587.4	2137.3
6226.4	2029.3
5157.4	1589.3
4609.4	1333.3
3661.4	1237.3
3208.4	981.34
2433.4	612.34
1989.4	509.35
1461.3	448.35
1215.3	338.36
851.32	328.36
712.3	282.36
540.29	251.37
447.28	167.37
334.27	106.38
462.75	255.21
516.74	245.22
600.73	217.22
689.71	205.22
835.7	217.23
945.69	232.23
1168.7	472.24
1377.7	499.24
1764.7	502.25
2022.6	593.25
2523.6	842.25
2925.6	945.26
3478.6	1135.3
3911.6	1272.3
4630.6	1425.3
5200.6	1622.3
5939.6	1750.3
6373.5	2113.3
7023.5	2241.3
7383.5	2401.3
7734.5	2461.3
7925.5	2403.3
7956.5	2402.3
7875.5	2363.3
7612.5	2310.3
7309.4	2312.3
6618.4	2125.3
6190.4	1980.3
5174.4	1644.3
4615.4	1462.3
3653.4	1176.3
3219.4	936.35
2426.4	692.35
2009.4	531.36
1464.3	445.36
1206.3	390.36
851.32	302.37
720.3	231.37
541.29	188.38
449.28	163.38
341.27	79.386
464.75	211.22
514.74	205.22
603.73	183.23
688.71	165.23
829.7	201.24
940.69	343.24
1157.7	431.25
1371.7	519.25
1750.7	540.25
2015.6	631.26
2503.6	747.26
2910.6	884.27
3474.6	1273.3
3869.6	1346.3
4587.6	1523.3
5150.6	1691.3
5887.6	1903.3
6353.5	2110.3
6987.5	2211.3
7357.5	2241.3
7708.5	2413.3
7857.5	2424.3
7924.5	2493.3
7727.5	2461.3
7602.5	2425.3
7308.4	2375.3
6612.4	2200.3
6149.4	1847.3
5183.4	1674.3
4612.4	1526.3
3664.4	1039.4
3235.4	1033.4
2413.4	753.36
2017.4	579.36
1477.3	452.37
1204.3	455.37
863.32	286.38
724.3	172.38
535.29	150.39
452.28	130.39
341.27	131.39
465.75	187.23
514.74	177.23
597.73	175.24
680.71	233.24
824.7	273.24
933.69	368.25
1143.7	393.25
1369.7	440.26
1753.7	528.26
2013.6	672.27
2505.6	811.27
2878.6	1090.3
3483.6	1142.3
3865.6	1239.3
4557.6	1561.3
5134.6	1657.3
5865.6	1989.3
6304.5	2137.3
6955.5	2223.3
7318.5	2341.3
7669.5	2407.3
7858.5	2491.3
7910.5	2475.3
7740.5	2440.3
7561.5	2329.3
7301.4	2290.3
6592.4	2135.3
6184.4	2051.3
5167.4	1612.3
4601.4	1501.4
3684.4	1018.4
3228.4	944.36
2417.4	829.37
2012.4	702.37
1493.3	365.38
1227.3	364.38
874.32	320.38
719.31	259.39
543.29	189.39
448.28	169.4
338.27	128.4
461.75	175.24
506.74	226.24
600.73	238.24
677.71	236.25
827.7	212.25
921.69	300.26
1142.7	410.26
1360.7	414.27
1748.7	585.27
2008.6	720.27
2489.6	821.28
2857.6	960.28
3430.6	1090.3
3866.6	1155.3
4557.6	1529.3
5120.6	1681.3
5856.6	1913.3
6303.5	2062.3
6942.5	2340.3
7301.5	2391.3
7647.5	2361.3
7843.5	2441.3
7868.5	2461.3
7882.5	2490.3
7577.5	2344.3
7312.4	2251.3
6582.4	2005.3
6201.4	1989.4
5201.4	1482.4
4637.4	1432.4
3665.4	1179.4
3223.4	1023.4
2446.4	717.38
1999.4	603.38
1493.3	393.38
1221.3	328.39
870.32	342.39
723.31	318.4
545.29	194.4
447.28	160.41
341.27	104.41
458.75	187.24
502.74	258.25
599.73	267.25
684.71	232.26
816.7	207.26
910.69	314.27
1141.7	434.27
1352.7	453.27
1752.7	565.28
1994.6	658.28
2483.6	921.29
2878.6	914.29
3425.6	1099.3
3846.6	1177.3
4545.6	1526.3
5133.6	1753.3
5827.6	1822.3
6285.5	1920.3
6923.5	2309.3
7246.5	2295.3
7665.5	2389.3
7810.5	2387.3
7890.5	2414.3
7785.5	2454.3
7567.5	2387.3
7290.4	2219.4
6592.4	1969.4
6192.4	1796.4
5189.4	1542.4
4635.4	1333.4
3684.4	1254.4
3247.4	1084.4
2457.4	653.38
2012.4	528.39
1476.3	461.39
1220.3	364.4
871.32	341.4
721.31	298.41
547.29	219.41
447.28	159.41
344.27	137.42
456.75	199.25
503.74	214.26
587.73	239.26
680.71	261.26
804.7	296.27
911.69	374.27
1144.7	432.28
1350.7	500.28
1751.7	512.29
1978.6	581.29
2472.6	928.29
2880.6	1059.3
3433.6	1114.3
3824.6	1245.3
4541.6	1582.3
5120.6	1737.3
5828.6	1804.3
6254.5	1880.3
6921.5	2132.3
7241.5	2176.3
7660.5	2386.3
7819.5	2379.3
7883.5	2353.3
7749.5	2334.4
7560.5	2335.4
7265.4	2173.4
6576.4	2036.4
6164.4	1773.4
5187.4	1667.4
4616.4	1341.4
3674.4	1178.4
3259.4	999.39
2446.4	772.39
2015.4	597.4
1478.3	488.4
1224.3	410.4
873.32	325.41
718.31	264.41
545.29	210.42
448.28	156.42
347.27	164.43
451.75	190.26
504.74	175.26
580.73	246.27
674.71	272.27
804.7	299.28
918.69	311.28
1144.7	426.29
1347.7	518.29
1745.7	570.29
1974.6	625.3
2463.6	703.3
2857.6	1027.3
3424.6	1135.3
3831.6	1260.3
4550.6	1596.3
5094.6	1621.3
5855.6	1773.3
6248.5	1959.3
6942.5	2059.3
7277.5	2159.3
7628.5	2248.3
7835.5	2339.4
7832.5	2334.4
7864.5	2290.4
7552.5	2247.4
7244.4	2156.4
6535.4	2067.4
6156.4	1876.4
5200.4	1583.4
4610.4	1474.4
3650.4	1189.4
3235.4	935.4
2447.4	882.4
2000.4	620.4
1487.3	517.41
1223.3	421.41
870.32	309.42
712.31	270.42
537.29	112.43
450.28	105.43
345.27	103.43
445.75	164.27
501.74	163.27
587.73	237.28
686.71	291.28
808.7	274.28
918.69	297.29
1134.7	315.29
1341.7	477.3
1747.7	598.3
1980.6	741.31
2473.6	900.31
2864.6	983.32
3424.6	1073.3
3858.6	1212.3
4551.6	1427.3
5110.6	1574.3
5852.6	1730.3
6274.5	1910.3
6955.5	2036.3
7267.5	2179.4
7632.5	2305.4
7793.5	2353.4
7826.5	2350.4
7860.5	2258.4
7519.5	2169.4
7214.4	2119.4
6519.4	2053.4
6167.4	1878.4
5175.4	1633.4
4604.4	1478.4
3679.4	1194.4
3212.4	946.4
2461.4	764.41
2000.4	525.41
1474.3	498.42
1215.3	328.42
865.32	310.43
701.31	311.43
532.29	126.43
450.28	129.44
339.27	124.44
456.75	212.28
501.74	179.28
581.73	186.28
682.71	257.29
812.7	261.29
924.69	299.3
1138.7	363.3
1353.7	500.31
1746.7	560.31
1992.6	710.31
2488.6	888.32
2863.6	945.32
3446.6	1193.3
3858.6	1249.3
4544.6	1548.3
5106.6	1741.3
5833.6	1886.3
6278.5	2004.3
6955.5	2076.4
7244.5	2205.4
7647.5	2369.4
7803.5	2407.4
7843.5	2476.4
7882.5	2381.4
7540.5	2230.4
7259.4	2055.4
6567.4	2020.4
6142.4	1848.4
5176.4	1688.4
4569.4	1323.4
3675.4	1153.4
3222.4	976.41
2426.4	685.42
1999.4	521.42
1479.3	467.42
1220.3	354.43
866.32	387.43
702.31	377.44
530.29	172.44
449.28	138.45
344.27	136.45
455.75	239.28
494.74	247.29
578.73	189.29
671.71	196.3
807.7	296.3
918.69	336.31
1131.7	434.31
1355.7	501.31
1732.7	523.32
2003.6	610.32
2503.6	752.33
2873.6	957.33
3455.6	1246.3
3866.6	1224.3
4536.6	1674.3
5128.6	1791.3
5839.6	1899.4
6299.5	1970.4
6962.5	2178.4
7251.5	2241.4
7639.5	2334.4
7857.5	2428.4
7857.5	2566.4
7857.5	2333.4
7533.5	2297.4
7244.4	2194.4
6596.4	2046.4
6143.4	1961.4
5170.4	1676.4
4578.4	1370.4
3666.4	1229.4
3196.4	923.42
2401.4	731.42
1981.4	561.43
1466.3	491.43
1214.3	478.44
859.32	335.44
701.31	284.45
539.29	154.45
442.28	136.45
335.27	140.46
446.75	203.29
491.74	286.3
576.73	236.3
663.71	183.3
800.7	318.31
913.69	352.31
1127.7	396.32
1347.7	461.32
1731.7	538.33
2000.6	624.33
2503.6	786.34
2888.6	982.34
3461.6	1100.3
3873.6	1191.3
4549.6	1522.4
5146.6	1641.4
5861.6	1720.4
6326.5	1820.4
6955.5	2248.4
7295.5	2288.4
7637.5	2337.4
7860.5	2433.4
7853.5	2529.4
7846.5	2196.4
7531.5	2290.4
7226.4	2393.4
6550.4	2069.4
6137.4	2071.4
5168.4	1656.4
4570.4	1585.4
3646.4	1286.4
3181.4	864.43
2397.4	805.43
1965.4	569.44
1452.3	542.44
1206.3	538.44
851.32	234.45
704.31	178.45
537.29	134.46
438.28	133.46
329.27	154.47
446.75	213.3
494.74	217.3
572.73	213.31
669.71	223.31
800.7	261.32
913.69	288.32
1131.7	411.33
1348.7	502.33
1740.7	554.33
1988.6	709.34
2496.6	887.34
2889.6	967.35
3462.6	1044.4
3875.6	1389.4
4574.6	1407.4
5137.6	1660.4
5879.6	1749.4
6328.5	1916.4
6944.5	2229.4
7334.5	2322.4
7665.5	2511.4
7832.5	2498.4
7850.5	2490.4
7869.5	2404.4
7549.5	2353.4
7256.4	2277.4
6507.4	1981.4
6107.4	1898.4
5164.4	1703.4
4542.4	1524.4
3629.4	1054.4
3193.4	927.44
2395.4	826.44
1961.4	614.44
1458.3	544.45
1208.3	528.45
848.32	348.46
707.31	306.46
524.29	232.47
440.28	106.47
334.27	164.47
448.75	177.31
495.74	212.31
570.73	227.32
689.71	246.32
798.7	261.33
906.69	305.33
1122.7	365.33
1353.7	397.34
1725.7	591.34
1977.6	703.35
2500.6	813.35
2878.6	922.36
3429.6	1039.4
3891.6	1345.4
4576.6	1523.4
5132.6	1730.4
5908.6	1816.4
6316.5	1910.4
6960.5	2098.4
7345.5	2248.4
7693.5	2548.4
7886.5	2522.4
7868.5	2462.4
7849.5	2417.4
7533.5	2389.4
7258.4	2319.4
6544.4	2161.4
6112.4	1839.4
5145.4	1734.4
4573.4	1441.4
3633.4	1195.4
3177.4	972.44
2391.4	744.45
1957.4	614.45
1469.3	510.46
1209.3	393.46
847.32	322.47
693.31	282.47
525.29	208.47
438.28	111.48
333.27	186.48
441.75	179.32
485.74	232.32
570.73	222.32
668.71	200.33
797.7	218.33
903.69	375.34
1125.7	354.34
1350.7	413.35
1734.7	588.35
1982.6	655.36
2487.6	886.36
2872.6	956.36
3451.6	1063.4
3865.6	1215.4
4596.6	1590.4
5137.6	1706.4
5901.6	1899.4
6333.5	1982.4
6993.5	2064.4
7348.5	2169.4
7702.5	2463.4
7911.5	2548.4
7903.5	2419.4
7921.5	2324.4
7544.5	2307.4
7232.4	2275.4
6519.4	2213.4
6102.4	1894.4
5124.4	1554.4
4544.4	1251.4
3632.4	1083.4
3177.4	936.45
2383.4	798.46
1947.4	556.46
1443.3	413.46
1202.3	310.47
845.32	287.47
698.31	220.48
516.29	147.48
439.28	106.49
330.27	163.49
440.75	191.32
478.74	225.33
562.73	179.33
655.71	167.34
789.7	183.34
891.69	321.35
1131.7	400.35
1337.7	523.35
1724.7	555.36
1977.6	592.36
2477.6	894.37
2877.6	1008.4
3452.6	1123.4
3859.6	1192.4
4587.6	1525.4
5157.6	1618.4
5897.6	1829.4
6325.5	2108.4
6990.5	2167.4
7335.5	2261.4
7703.5	2389.4
7907.5	2488.4
7915.5	2421.4
7825.5	2279.4
7552.5	2194.4
7240.4	2101.4
6485.4	2004.4
6083.4	1910.4
5134.4	1492.4
4508.4	1237.5
3635.4	1007.5
3158.4	932.46
2368.4	862.46
1946.4	512.47
1437.3	391.47
1184.3	355.48
848.32	266.48
693.31	204.49
512.29	148.49
438.28	97.495
322.27	111.5
435.75	153.33
479.74	179.34
554.73	150.34
654.71	192.34
780.7	201.35
878.69	212.35
1118.7	421.36
1321.7	547.36
1697.7	554.37
1969.6	561.37
2468.6	713.38
2870.6	971.38
3413.6	1173.4
3852.6	1231.4
4566.6	1472.4
5150.6	1602.4
5887.6	1732.4
6308.5	2130.4
6977.5	2257.4
7307.5	2419.4
7708.5	2403.4
7885.5	2379.4
7907.5	2448.4
7677.5	2329.4
7524.5	2200.4
7244.4	2037.4
6496.4	1865.4
6080.4	1848.5
5137.4	1677.5
4497.4	1401.5
3628.4	1180.5
3135.4	955.47
2361.4	753.47
1940.4	516.48
1440.3	468.48
1171.3	404.49
843.32	241.49
680.31	217.49
512.29	193.5
428.28	118.5
319.27	98.507
422.75	99.34
479.74	106.34
555.73	173.35
643.71	175.35
774.7	173.36
877.69	311.36
1093.7	366.37
1305.7	561.37
1679.7	607.37
1958.6	634.38
2448.6	755.38
2838.6	889.39
3384.6	1112.4
3816.6	1153.4
4551.6	1410.4
5108.6	1652.4
5843.6	1952.4
6297.5	2044.4
6977.5	2322.4
7276.5	2346.4
7699.5	2453.4
7860.5	2399.4
7889.5	2364.4
7693.5	2424.4
7484.5	2333.4
7207.5	2263.4
6517.4	1948.5
6084.4	1887.5
5106.4	1685.5
4491.4	1305.5
3607.4	908.47
3125.4	778.48
2357.4	633.48
1922.4	502.48
1424.3	495.49
1169.3	344.49
827.32	261.5
676.31	233.5
507.29	202.51
417.28	179.51
324.27	151.52
421.75	91.348
470.74	90.352
553.73	177.36
634.71	223.36
762.7	270.37
880.69	365.37
1085.7	360.37
1282.7	423.38
1666.7	530.38
1912.6	616.39
2418.6	751.39
2797.6	1027.4
3378.6	1083.4
3796.6	1209.4
4508.6	1458.4
5071.6	1685.4
5782.6	1928.4
6251.5	1943.4
6940.5	2256.4
7268.5	2425.4
7646.5	2467.4
7825.5	2431.4
7819.5	2396.4
7781.5	2425.4
7495.5	2421.5
7187.5	2232.5
6471.4	2049.5
6042.4	1839.5
5089.4	1670.5
4469.4	1370.5
3596.4	1064.5
3100.4	776.48
2331.4	692.49
1921.4	538.49
1417.3	373.5
1170.3	325.5
818.32	306.51
669.31	227.51
502.29	212.51
419.28	190.52
323.27	159.52
421.75	111.36
468.74	80.36
536.73	178.36
630.71	295.37
759.7	340.37
854.69	341.38
1066.7	333.38
1268.7	343.39
1615.7	428.39
1887.6	605.4
2383.6	711.4
2771.6	935.4
3324.6	1013.4
3745.6	1233.4
4450.6	1451.4
5002.6	1649.4
5725.6	1907.4
6165.5	1974.4
6834.5	2252.4
7218.5	2443.4
7587.5	2465.4
7793.5	2476.4
7759.5	2472.5
7762.5	2443.5
7428.5	2381.5
7117.5	2164.5
6416.4	2019.5
5974.4	1836.5
5059.4	1626.5
4447.4	1396.5
3553.4	1284.5
3070.4	843.49
2305.4	737.5
1898.4	554.5
1402.3	358.5
1147.3	334.51
810.32	353.51
665.31	311.52
494.29	182.52
412.28	174.53
319.27	167.53
410.75	141.36
457.74	99.368
524.73	159.37
614.71	294.38
740.7	303.38
821.69	304.39
1034.7	332.39
1244.7	384.39
1575.7	458.4
1846.6	619.4
2319.6	704.41
2715.6	772.41
3230.6	1004.4
3654.6	1193.4
4357.6	1389.4
4912.6	1558.4
5607.6	1829.4
6054.5	1934.4
6710.5	2144.4
7068.5	2254.4
7458.5	2400.5
7591.5	2446.5
7637.5	2426.5
7612.5	2405.5
7317.5	2300.5
6996.5	2243.5
6309.4	1930.5
5890.4	1903.5
4977.4	1578.5
4379.4	1352.5
3489.4	1204.5
3028.4	935.5
2275.4	649.5
1862.4	552.51
1367.3	408.51
1127.3	331.52
789.32	331.52
649.31	341.53
493.29	154.53
405.28	146.53
306.27	139.54
394.75	169.37
439.74	160.38
512.73	111.38
587.71	224.39
701.7	259.39
802.69	297.39
992.68	403.4
1197.7	415.4
1526.7	558.41
1770.6	586.41
2226.6	724.42
2617.6	873.42
3127.6	1115.4
3531.6	1199.4
4226.6	1393.4
4766.6	1496.4
5421.6	1601.4
5894.5	1729.4
6539.5	1863.5
6854.5	2062.5
7236.5	2275.5
7355.5	2323.5
7430.5	2282.5
7400.5	2244.5
7138.5	2274.5
6796.5	2302.5
6146.4	1915.5
5759.4	1907.5
4848.4	1531.5
4262.4	1367.5
3414.4	1085.5
2963.4	1044.5
2224.4	596.51
1812.4	577.52
1329.3	331.52
1109.3	310.53
767.32	259.53
630.31	210.53
485.29	174.54
399.28	124.54
297.27	75.547
385.75	152.38
426.74	107.38
489.73	61.389
566.71	110.39
668.7	149.4
784.69	255.4
950.68	409.41
1141.7	416.41
1443.7	469.42
1692.6	534.42
2133.6	649.42
2516.6	773.43
3024.6	1151.4
3396.6	1172.4
4076.6	1361.4
4570.6	1567.4
5227.6	1784.5
5691.5	1826.5
6304.5	1929.5
6641.5	2073.5
6987.5	2248.5
7226.5	2207.5
7204.5	2149.5
7181.5	2195.5
6889.5	2261.5
6555.5	2156.5
5969.4	1830.5
5578.4	1780.5
4714.4	1403.5
4142.4	1316.5
3323.4	1163.5
2881.4	875.52
2162.4	778.52
1754.4	550.52
1306.3	292.53
1076.3	263.53
755.32	216.54
618.31	207.54
464.29	208.55
387.28	213.55
297.27	174.56
360.75	150.39
406.74	124.39
478.73	117.4
538.71	111.4
638.7	97.406
743.69	271.41
918.68	316.41
1078.7	430.42
1389.7	453.42
1610.6	556.43
2035.6	635.43
2398.6	712.44
2878.6	969.44
3241.6	1039.4
3878.6	1195.4
4392.6	1465.5
5005.6	1614.5
5467.5	1731.5
6063.5	1883.5
6352.5	2028.5
6703.5	2062.5
6836.5	2081.5
6938.5	2109.5
6909.5	2111.5
6630.5	2106.5
6376.5	1948.5
5750.4	1745.5
5357.4	1612.5
4540.4	1387.5
3984.4	1064.5
3193.4	1038.5
2780.4	848.52
2103.4	736.53
1693.4	532.53
1264.3	401.54
1052.3	282.54
732.32	217.55
590.31	187.55
460.29	153.55
380.28	183.56
285.27	181.56
336.75	155.4
380.74	190.4
443.73	192.4
511.71	169.41
600.7	127.41
684.69	237.42
851.68	275.42
1017.7	386.43
1285.7	421.43
1496.6	571.44
1895.6	638.44
2244.6	718.44
2657.6	801.45
3013.6	946.45
3609.6	1019.5
4116.6	1217.5
4674.6	1466.5
5106.5	1599.5
5681.5	1714.5
5965.5	1902.5
6305.5	1932.5
6439.5	1990.5
6505.5	2050.5
6502.5	1975.5
6243.5	1906.5
6023.5	1774.5
5398.4	1695.5
5047.4	1490.5
4298.4	1321.5
3768.4	1076.5
3007.4	864.53
2610.4	809.53
1983.4	522.54
1609.4	489.54
1199.3	493.55
1003.3	294.55
697.32	224.55
566.31	166.56
440.29	118.56
363.28	115.57
272.27	140.57
311.75	137.4
346.74	178.41
399.73	175.41
466.71	178.42
544.7	168.42
627.69	166.43
772.68	303.43
925.67	301.43
1152.7	319.44
1365.6	461.44
1706.6	528.45
2036.6	661.45
2402.6	737.46
2738.6	895.46
3292.6	955.47
3741.6	1082.5
4249.6	1535.5
4679.5	1561.5
5172.5	1612.5
5449.5	1779.5
5772.5	1885.5
5984.5	1889.5
5970.5	1896.5
5990.5	1848.5
5751.5	1791.5
5505.5	1602.5
4946.4	1590.5
4655.4	1368.5
3966.4	1192.5
3479.4	1168.5
2791.4	810.54
2421.4	715.54
1830.4	440.54
1491.4	448.55
1121.3	449.55
933.33	283.56
650.32	234.56
527.31	176.57
408.29	140.57
340.28	118.58
256.27	145.58
279.75	100.41
312.74	94.417
362.73	130.42
410.71	167.43
483.7	174.43
569.69	179.43
695.68	271.44
820.67	262.44
1031.7	253.45
1228.6	306.45
1518.6	355.46
1816.6	509.46
2150.6	639.46
2454.6	776.47
2952.6	953.47
3347.6	1111.5
3813.6	1471.5
4227.5	1480.5
4646.5	1607.5
4885.5	1694.5
5193.5	1733.5
5383.5	1742.5
5400.5	1754.5
5386.5	1765.5
5211.5	1725.5
4962.5	1409.5
4467.4	1403.5
4223.4	1205.5
3591.4	1172.5
3160.4	855.54
2539.4	781.54
2218.4	735.55
1675.4	503.55
1360.4	459.56
1031.3	415.56
857.33	319.57
599.32	287.57
481.31	200.57
380.29	128.58
319.28	127.58
238.27	149.59
249.75	56.42
287.74	115.42
331.73	108.43
374.71	105.43
439.7	167.44
512.69	193.44
622.68	241.45
752.67	246.45
938.65	252.46
1100.6	317.46
1386.6	403.46
1655.6	473.47
1933.6	629.47
2210.6	795.48
2650.6	886.48
3034.6	978.49
3461.6	1119.5
3801.5	1243.5
4221.5	1337.5
4441.5	1422.5
4728.5	1484.5
4807.5	1534.5
4882.5	1517.5
4806.5	1479.5
4724.5	1428.5
4523.5	1304.5
4054.4	1263.5
3846.4	1193.5
3279.4	1046.5
2895.4	887.55
2287.4	634.55
2007.4	591.56
1531.4	535.56
1254.4	405.56
943.34	324.57
795.33	316.57
556.32	255.58
456.31	181.58
361.29	156.59
302.28	138.59
222.27	142.6
224.75	46.428
251.74	82.433
291.73	98.437
336.71	86.442
388.7	179.45
447.69	216.45
541.68	244.45
645.67	256.46
817.65	250.46
960.64	268.47
1212.6	361.47
1445.6	452.48
1693.6	507.48
1925.6	551.49
2327.6	721.49
2688.6	861.49
3032.6	919.5
3347.5	1023.5
3692.5	1074.5
3924.5	1106.5
4155.5	1169.5
4216.5	1230.5
4285.5	1226.5
4212.5	1224.5
4147.5	1228.5
4007.5	1236.5
3584.4	1210.5
3391.4	1123.5
2900.4	949.55
2561.4	810.56
2036.4	551.56
1768.4	504.56
1369.4	437.57
1117.4	299.57
843.34	239.58
715.33	231.58
505.32	192.59
419.31	161.59
323.29	108.59
271.28	113.6
207.27	112.6
191.75	62.436
212.74	40.441
247.73	61.445
282.71	81.45
331.7	152.45
380.69	188.46
456.68	208.46
547.67	214.47
683.65	225.47
794.64	212.48
1011.6	254.48
1213.6	428.48
1409.6	403.49
1606.6	435.49
1952.6	590.5
2259.6	681.5
2520.6	742.51
2802.5	856.51
3091.5	911.52
3242.5	944.52
3447.5	893.52
3509.5	1006.5
3571.5	1020.5
3528.5	1013.5
3486.5	1007.5
3367.5	989.55
3002.4	977.55
2860.4	877.55
2458.4	799.56
2176.4	643.56
1726.4	512.57
1497.4	408.57
1166.4	302.58
964.35	242.58
736.34	194.59
612.33	129.59
436.32	144.59
364.31	160.6
281.29	92.603
238.28	80.607
189.27	89.612
157.75	60.444
180.74	49.449
210.73	17.453
231.72	60.458
270.7	90.462
314.69	117.47
381.68	110.47
463.67	108.48
557.65	151.48
650.64	222.48
818.63	219.49
988.62	363.49
1137.6	415.5
1311.6	535.5
1574.6	495.51
1828.6	489.51
2040.6	520.51
2267.5	684.52
2516.5	776.52
2607.5	869.53
2796.5	737.53
2838.5	876.54
2882.5	872.54
2867.5	813.55
2853.5	757.55
2752.5	707.55
2438.4	646.56
2330.4	609.56
2012.4	582.57
1801.4	533.57
1409.4	406.58
1248.4	289.58
965.37	263.58
817.35	264.59
625.34	173.59
515.33	102.6
369.32	133.6
312.31	164.61
248.29	146.61
211.28	78.615
169.27	88.62
133.75	31.453
154.74	29.457
179.73	24.461
196.72	91.466
220.7	84.47
260.69	68.474
318.68	26.479
383.67	13.483
455.66	8.4876
540.64	197.49
660.63	200.5
800.62	219.5
921.61	427.51
1069.6	386.51
1267.6	325.51
1479.6	467.52
1661.6	475.52
1842.5	514.53
2036.5	641.53
2129.5	726.54
2284.5	718.54
2303.5	714.54
2323.5	680.55
2321.5	691.55
2320.5	702.56
2254.5	669.56
1990.4	529.57
1889.4	448.57
1643.4	431.58
1481.4	412.58
1155.4	250.58
1042.4	290.59
804.37	293.59
689.35	296.6
524.34	157.6
442.33	150.61
320.32	155.61
274.31	162.61
220.29	126.62
187.28	90.623
147.27	90.628
115.75	22.461
131.74	49.465
147.73	85.469
172.72	81.474
196.7	31.478
225.69	56.483
265.68	46.487
318.67	47.491
387.66	2.4957
450.64	166.5
550.63	161.5
670.62	136.51
767.61	199.51
888.6	167.52
1064.6	198.52
1229.6	291.53
1387.6	427.53
1546.5	434.54
1682.5	482.54
1759.5	481.54
1883.5	463.55
1898.5	430.55
1913.5	558.56
1915.5	570.56
1918.5	575.57
1869.5	494.57
1663.4	474.57
1586.4	461.58
1397.4	386.58
1242.4	316.59
982.39	236.59
879.38	243.6
687.37	225.6
585.35	241.61
451.34	167.61
388.33	142.61
285.32	121.62
244.31	104.62
193.29	85.627
164.28	40.632
128.27	46.636
95.751	39.469
106.74	74.473
122.73	82.477
142.72	4.4818
155.7	4.4862
179.69	62.491
223.68	66.495
255.67	57.499
306.66	78.504
362.64	123.51
443.63	120.51
539.62	161.52
603.61	126.52
694.6	118.53
836.58	159.53
971.57	217.53
1097.6	362.54
1208.5	327.54
1330.5	287.55
1386.5	312.55
1475.5	327.56
1483.5	321.56
1491.5	418.57
1500.5	414.57
1508.5	438.57
1480.5	353.58
1306.4	351.58
1254.4	374.59
1098.4	341.59
995.4	319.6
796.39	312.6
702.38	269.6
556.37	228.61
494.35	176.61
376.34	146.62
320.33	117.62
242.32	96.626
206.31	68.631
167.29	68.635
144.28	19.64
115.27	-0.35603
77.751	29.477
82.739	21.481
101.73	-0.51452
111.72	-47.51
121.7	-1.5058
139.69	34.499
173.68	20.503
197.67	30.507
242.66	111.51
281.64	106.52
345.63	103.52
407.62	169.52
456.61	147.53
522.6	133.53
617.58	125.54
720.57	185.54
828.56	236.55
890.55	208.55
983.54	169.56
1026.5	222.56
1091.5	319.56
1100.5	335.57
1109.5	317.57
1112.5	315.58
1116.5	338.58
1112.5	305.59
968.44	243.59
943.43	255.6
819.41	298.6
761.4	316.6
612.39	297.61
544.38	254.61
435.37	232.62
386.35	147.62
302.34	113.63
257.33	107.63
195.32	107.63
173.31	67.639
143.29	69.643
121.28	39.648
100.27	8.652
63.751	-19.515
68.739	-52.511
82.727	-35.506
89.715	-19.502
102.7	-10.498
115.69	-1.4933
134.68	-14.489
157.67	53.515
193.66	83.52
216.64	117.52
263.63	106.53
309.62	95.533
347.61	61.537
396.6	52.542
456.58	58.546
536.57	86.551
614.56	111.55
663.55	142.56
717.54	147.56
753.52	151.57
801.51	265.57
810.5	287.58
819.49	289.58
821.48	295.59
823.46	271.59
819.45	261.59
721.44	245.6
700.43	264.6
617.42	282.61
574.4	220.61
464.39	171.62
423.38	129.62
339.37	142.63
298.35	128.63
241.34	115.63
211.33	113.64
157.32	103.64
145.31	61.647
121.29	57.651
102.28	42.656
86.271	47.66
52.751	-38.507
62.739	5.4972
67.727	54.502
78.715	49.506
87.703	48.51
99.691	38.515
115.68	26.519
133.67	63.524
155.66	92.528
174.64	102.53
207.63	108.54
251.62	81.541
275.61	66.545
314.6	56.55
359.58	67.554
428.57	84.559
473.56	74.563
523.55	63.567
555.54	87.572
585.52	170.58
620.51	228.58
625.5	270.58
631.49	196.59
637.48	209.59
644.46	211.6
628.45	144.6
567.44	279.61
540.43	234.61
488.42	182.62
448.4	120.62
367.39	65.624
340.38	83.629
274.37	117.63
250.36	99.637
199.34	115.64
182.33	146.65
136.32	38.651
122.31	68.655
103.29	49.659
93.283	33.664
78.271	31.668
44.751	-38.499
52.739	-35.495
58.727	11.51
73.715	67.514
74.703	64.518
83.691	64.523
96.679	61.527
111.67	27.532
131.66	12.536
149.64	34.54
172.63	29.545
198.62	24.549
223.61	44.553
259.6	55.558
296.58	69.562
350.57	66.567
386.56	50.571
415.55	63.575
439.54	98.58
463.52	122.58
491.51	141.59
495.5	165.59
500.49	131.6
505.48	136.6
510.46	184.61
507.45	96.61
452.44	105.61
436.43	52.619
391.42	47.624
361.4	43.628
304.39	32.632
285.38	56.637
236.37	42.641
207.36	88.646
174.34	137.65
155.33	106.65
124.32	30.659
110.31	54.663
96.295	65.667
89.283	49.672
72.271	37.676
43.752	8.5089
46.74	-39.487
48.728	-41.482
58.715	9.5221
62.703	29.526
72.691	23.531
80.679	23.535
92.667	40.54
110.66	1.544
120.64	8.5484
142.63	40.553
159.62	26.557
178.61	23.562
198.6	48.566
232.58	62.57
261.57	74.575
289.56	89.579
311.55	106.58
330.54	114.59
349.52	76.592
374.51	80.597
375.5	124.6
376.49	121.61
379.48	108.61
382.46	136.61
368.45	108.62
343.44	54.623
334.43	16.627
302.42	15.632
283.4	32.636
235.39	52.64
216.38	50.645
186.37	16.649
167.36	39.654
145.34	112.66
129.33	80.662
107.32	60.667
97.307	40.671
83.295	49.675
74.283	54.68
65.271	58.684
39.752	40.517
38.74	23.521
42.728	-19.474
48.716	-39.47
56.704	6.5345
61.692	1.5389
68.68	-27.457
74.668	67.548
93.655	59.552
97.643	39.556
115.63	104.56
130.62	74.565
144.61	44.57
152.6	46.574
177.58	58.578
212.57	94.583
222.56	127.59
232.55	119.59
253.54	118.6
267.52	118.6
282.51	83.605
282.5	127.61
283.49	110.61
286.48	89.618
289.46	66.622
276.45	86.627
259.44	104.63
251.43	71.635
239.42	53.64
225.4	62.644
188.39	49.648
171.38	40.653
150.37	37.657
139.36	-2.3384
121.34	58.666
114.33	91.67
91.319	69.675
85.307	44.679
73.295	26.684
64.283	43.688
59.271	61.692
30.752	7.5251
31.74	23.529
38.728	-8.4662
44.716	-29.462
50.704	14.543
51.692	59.547
60.68	-19.449
63.668	13.556
78.656	45.56
83.644	52.564
94.632	60.569
107.62	66.573
120.61	72.578
126.6	46.582
144.58	60.586
182.57	73.591
183.56	84.595
187.55	101.6
203.54	143.6
212.52	187.61
221.51	97.613
222.5	56.617
224.49	66.621
227.48	47.626
231.46	29.63
228.45	19.635
206.44	7.639
200.43	-11.357
193.42	32.648
185.4	77.652
157.39	18.657
149.38	22.661
129.37	21.665
122.36	21.67
105.34	45.674
101.33	68.678
79.319	59.683
74.307	49.687
66.295	48.692
58.283	48.696
53.271	48.7
27.752	13.533
32.74	-9.4625
33.728	-43.458
39.716	-6.4537
42.704	10.551
48.692	44.555
53.68	-2.4406
60.668	-24.436
67.656	63.568
73.644	82.573
84.632	102.58
92.62	29.581
106.61	-39.414
112.6	5.5901
131.58	73.594
145.57	-14.401
155.56	4.6032
167.55	26.608
171.54	29.612
174.52	37.616
188.51	27.621
189.5	35.625
189.49	58.63
193.48	-4.3661
196.46	-26.362
194.45	-36.357
179.44	23.647
176.43	85.651
160.42	-2.3442
158.4	17.66
133.39	7.6646
131.38	18.669
111.37	22.673
107.36	28.678
93.343	34.682
84.331	42.687
71.319	29.691
67.307	23.695
59.295	19.7
50.283	30.704
45.271	52.708
27.752	40.541
29.74	3.5455
32.728	-25.45
34.716	6.5543
38.704	33.559
41.692	66.563
48.68	22.567
52.668	-18.428
63.656	27.576
68.644	39.581
75.632	39.585
83.62	-16.411
96.608	-71.406
98.596	-52.402
111.58	-99.397
125.57	-106.39
137.56	-57.389
140.55	-7.3843
147.54	3.6201
154.52	7.6244
158.51	-3.3712
160.5	-2.3668
162.49	1.6376
163.48	-34.358
166.46	2.6463
165.45	-11.349
151.44	23.655
150.43	64.659
139.42	1.6639
138.4	-16.332
119.39	-5.3274
115.38	7.677
99.367	17.681
95.355	33.686
84.343	24.69
78.331	20.695
66.319	23.699
58.307	35.703
54.295	47.708
46.283	42.712
41.271	8.7165
24.752	41.549
27.74	20.554
30.728	2.558
33.716	-1.4376
36.704	21.567
37.692	57.571
44.68	15.576
46.668	-9.4201
56.656	-5.4157
57.644	8.5887
65.632	-18.407
71.62	-30.403
80.608	-24.398
86.596	-39.394
91.584	-56.389
105.57	-21.385
112.56	0.61934
113.55	37.624
122.54	15.628
130.52	17.632
132.51	34.637
133.5	18.641
133.49	10.646
137.48	17.65
138.46	69.654
140.45	61.659
126.44	18.663
122.43	2.6676
117.42	15.672
113.4	6.6763
105.39	25.681
99.379	26.685
87.367	28.689
81.355	19.694
75.343	31.698
70.331	26.703
60.319	33.707
53.307	51.711
49.295	70.716
41.283	61.72
36.271	9.7245
